00000000000000000000
00000000000000000000
00000000000000000000
00000000000000000000
00000000000010000000
00000000000000000000
00000000000011100000
00000000000000000000
00000000000111000000
00000000000101100000
00000000000101100000
00000000000000000000
00000000000000000000
00000000000000000000
00000000000101100000
00000000001011000000
00000000000100000000
00000000000000000000
00000000000000000000
11010000000000000000
01101000000111100000
00110000000011101000
10011000001001101111
10111000001011000110
00001011101010100000
00000010110000000000
01100000000100001110
00110000000000010110
11010000001100101110
10011000001001101111
01111001110000001110
01010000000000011011
10100000000000001010
11100000001110101011
00000101100110101011
00000010010000011010
10011000001001111101
10011000001001110111
10011110001001100111
01110000000001101011
00000000000111101010
00000000000100100000
00000000000000000000
00000000000010000000
00000000000000000000
00000000000000000000
00000000000000000000
01000000000100000000
00000000000100000000
00000000000000000000
00000000000000000000
00000000000010000000
00000000000000000000
00000000000000000000
00000000000000000000
00000000000100000000
00000101010011100000
00000000000000000000
00000000000000000000
00000000000000000000
00000000000111000000
00000000000000000000
00000000000000000000
00000000000000000000
00000000000000000000
01001000000101100000
00111000001010000000
10011111001100100000
11000110000101100000
10001000000011100000
00011000001010000000
11100010010011100000
10000000000000000000
00000000000010000000
00000000000000000000
00000111100100000000
00000000000010100000
00000000000000000000
00110000000000011010
11000000000000000000
00000000000000000000
00000000000000000000
11000000000000000000
01101000000010000000
11010111101001100000
10001010101010100000
10111001111001000000
11011101001111000000
00000000000111000000
00110000000000000000
10001101010000000000
00100000000000000000
00000110010001100000
00000001000000000000
00000000000000000000
00000000000000000000
00000000000011000000
00000000000111000000
00000000000010000000
00000000000000000000
00000000000000000000
00000000000000000000
00000000000010000000
00000000001001100000
11101000000001000000
01010110100000000000
11101011010000000000
11110011111101000000
00000000000110100000
00000000000100000000
01110000000000000000
11010000000111100000
00000000000001000000
00000000000010000000
00000000000000000000
00000000000000000000
00000000000100000000
00000000000000000000
01000000000111000000
10000001110000010001
11000010010000000000
00000000000000000000
00000000000001000000
00000000000000000000
00000000000100000000
00000000000000000000
00000000000000000000
00000000000011100000
00000000000000000000
00000000000000000000
00000000000000000000
10011000001101000000
11011000001001100000
00000000000101000000
00000000000000000000
00000000000000000000
00000000000000000000
00000000000000000000
00000000000000011010
00101001100000000000
11110010110001000000
10011011101000100000
01101000100111000000
00000000000101000000
00000000000100000000
00000000000000000000
00000000000000000000
00101100010010000000
01011110111001100000
11010110011001100000
00000011101110100000
00000101110000000100
00000100010000000000
00000000000000000000
00000010010000000000
00110010110000000000
00000000000000000000
00000000000000000000
00000000000000000000
00000000001001100000
00000000000000000000
00000000000000000000
00000000000000000000
00000000000000000000
00000000000000000000
11100000000000000000
00000000000011100000
00000000000011100000
10000000000000000000
11111000000000000000
00000000000000000000
00000000000000000000
10011110100100100000
11001111011011100000
10011001111001100000
10011011101001100000
10110101111100100000
01011111001011000000
10011001101101000000
10011101101010100000
10000011000000000000
11101010110111000000
11011110110101100000
10110101111001100000
10011101110100100000
01110111000000000000
00000001000000000000
00000011111100100000
11101001101101000000
11101111101001100000
11011010101001100000
10011111101101000000
01001011011011000000
10011100110001100000
00000000000000000000
11010000000100100000
00000000000100100000
00000000000001100000
00000000000011100000
00000000000100000000
00000000000000000000
00000000000100000000
00000000000000000000
00000101101011000000
01101000000111000000
01011000001010000000
00000000000001100000
00000000000101000000
00000000000100000000
01001000000000000000
00000000000000000000
00000000000000000000
00000000000000000000
01001000000000000000
10011111001000100000
01111000000000011010
00000000000010010111
00000000000000000000
00000000000100100000
00000000000000000000
00000000000000000000
01000010100101000000
00000000000101000000
00000000000000000000
00000000000000011010
01110000000100010000
10101000001100100100
10011101110000000000
10001001000000000000
10011110010000000000
10011111101100000000
10011111001001100000
00000001110110100000
10110101111000100000
11010000000011100000
00000000000110100000
00000000000000000000
00000000000000000000
00000000000000000000
00000000000000000000
00000000000000000000
00000101011000100000
00000101101001100000
00000001001110000000
01111101111010100000
10011100110010000000
01110101111010000000
01101110000000000000
01010000000101000000
01110000000000000000
01010000000111100000
11001000000001000000
01110000001000100000
11000000000000010001
11001000001000110101
10011011010101111110
01010001100000001111
11100110010000000011
00001000000010001101
10010101110000011010
00101000000000000000
00000000000000000000
00000000000000000000
00000000000000000000
11011000001011100000
01011000001101000000
10100000000100100000
11001000000111100000
00111000001001100000
00011000001001000000
01010000001110100000
00000000000110100000
00000000000100000000
00000000000010000000
00000000001110100000
00000000000000000000
00000000000000000000
00000000000000000000
00000110110000000000
00000000010000000000
10111110110000000000
00000000000000000000
00000101011100100000
00000000000000000000
00000000000000000000
00000000000000000000
00000000000000000000
00000000000011100000
00100000000000000000
00000000000010000000
00000000000000000000
00000000000010000000
00000000000000000000
00000000000100000000
10101100000101101111
01110110111001110011
10111100110011000001
01010000000000000000
00000000000000000000
00000000000000000000
00000000000000000000
00000000000000000000
00000000000000000000
00000000000000000000
00000000000100000000
00000000000000000000
00000000000000000000
00000000000010000000
00000000000011000000
00000000000000000000
00000000000100000000
00000000000000000000
00000000000000000000
00000000000000000000
00000000000111100000
00110000000111000000
01101011100110100000
00000111000010000000
11101001111111000000
00111000001011000000
11010000000001100000
01011000001111000000
01011000001110000000
00000000000000000000
00000000000100000000
00000000010111100000
01011010111001100000
11101101101010000000
00110000000000011001
00000000000010011001
00000100100101001011
10011010010011001011
00001001011010010101
00100101000010000000
00000000000000000000
00000000000000000000
00000110100000000000
00000000000000000000
10011000000000000000
11000110010000000000
00000000000010000000
00000000000001010000
00000000000000011010
00000000000010100000
00000000000100000000
00000000000000000000
00000000000000000000
00000000000000000000
00000000000000000000
00000000000000000000
00000000000000000000
00000000000000000000
00000000000000000000
00000000000000000000
01000000001001000000
01101001110111100000
10101010111100000000
11011001101001100000
11010010100000000000
11001010110101000000
00111001011001100000
11101000000111100000
00000000000000000000
00000000000000000000
00000000000100000000
00000000000000000000
00000000000100000000
00000000000000000000
00000111101001100000
11100000100101100000
10011110111101000000
01111011111001100000
01101100111100100000
01101110000000000000
10011010110000000000
01000000001101000000
11100100111010000000
11011001101001000000
01110001011101000000
10011000001001110111
11011000001001110111
11100000001101111100
00110111000010111110
00000100000000100000
00000000000000000000
00000000000000000000
00000000000000000000
00000000000000000000
00000000000000000000
00000000000000000000
00000000000000000000
00000000000010000000
00000000000000000000
00000000000110100000
00000000000000000000
00000000000000000000
00000000000000000000
00000111000000000000
00000000000001100000
00000000000000000000
00000000000000000000
00000000000100000000
00000000000011000000
00000000000010100000
00000000000010100000
00000000000000000000
10100000000000000000
10110000000101101101
00110010110111010001
10101111100100001110
00101110100000011001
01111111000011111100
00000000000111100000
01000000000000000000
00110000001110100000
00000000000000000000
00000111000100000000
00000001101101100000
00000000000011000010
10011000001001110101
10111000001001110111
00111000001100010111
11100000000000011001
00000000001100010110
01110000000000000000
10001000000000000000
00000000000000000000
11001000000001100000
00100000000000000000
00000110010000000000
00000101000000000000
00000000000000000000
00000000000101100000
11100000000100000000
00000000000001100000
00000000000000000000
00000000000000000000
01011000000100000000
01101111010111100000
00000000000001000001
00000000001010110111
00000000000000000000
00000000000000000000
00100000000000000000
11000000000000000000
00000000000000000000
00000000000000000000
00000000000000000000
00000000000010000000
00000000000000000000
00100000000000000000
00000000000111000000
00000000000000000000
00000000000000000000
00000000000100000000
00000000000000000000
00000000000010000000
00000000000000000000
00000000000000000000
00000000000100000000
00000000000000000000
01011000001001100000
10011000000100000000
01110101000100000000
11101111011011000000
01101000010000000000
00000110011001100000
01101110100001100000
01011101010011000000
10011110110000000000
00110101010000000000
00000000000010000000
00000000000000000000
00000000000000000000
00000000000000000000
00000000000000000000
00000000000000000000
00000000000000000000
00000010100000000000
00000000000000000000
00110000000000000000
00000000000000000000
00000000000000000000
00000000000000000000
00000000000000000000
00000000000100000000
00000000000000000000
00000000000000000000
00000000000000000000
00000000000100000000
00000000000001000000
00000000000010000000
00000000000000000000
00000001001010000000
11000110111001001011
10111000101001100000
10110111011101000000
00000000000100000000
00000000000000000000
00001000000000000000
11001111010000000000
10110010110000000000
00000000000000000000
00000000000011000000
00000000000000000000
00000000000000000000
00000000000000000000
00000000000000000000
00000000000000000000
00000000000001000000
00000000000010000000
10101101011010000000
00000000000100000000
00000000000000000000
00000000000011000000
00000000000000000000
00000000000000000000
00000000000000000000
00000000000000000000
00000000000000000000
00000000000000000000
00000000000001000000
00000000000000000000
00000000000000000000
01101111000000001011
10111000000010001010
00000000000000000000
00000000000000000000
00000000000000000000
00000000000000000000
00000000000000000000
00000000000100000000
00000000000000000000
00000000000000000000
00000101010000000000
00000111000000000000
00000000000100000000
00000000000000000000
00000000000000000000
00000000000000000000
00000110000000000000
00000000000000000000
00000000000100100000
00000000000110000000
00000000000010000000
00001000000010000000
01111011011001000000
00110000001011100000
11110101100011101110
10011111011001101011
11011001011101011010
10011001101101001010
00101000001101001101
01101000000000000000
00000000000000000000
00000000000011100000
00000000000010000000
00000100000000000000
00000101100000000000
00000000000100100000
00000000000000000000
00000000000000000000
00000000000000000000
00000000000000000000
00000000000000000000
00000000000000000000
00000000000000000000
00000000000000000000
11001000000000000000
00000000000000000000
00000000000000000000
00000000000000000000
00000000000101000000
00000000000000000000
00000000000011000000
01001000000000000000
00000000000000000000
00000000000000000000
00000000000000000000
00000000000100100000
00110101010100000000
10011010000101100000
01101000011110100000
11101110110000000000
00000000000000000000
00000000000000000000
00000000000100100000
00000000000000000000
00000000000000011010
00000000000010100000
00000000000000000000
00000000000000000000
00000000000000000000
00000110010000000000
00000000000000000000
00000000000000000000
00000000000000001101
01101000000000001110
00000000000000010110
00000000001010000111
10100000000001011001
00000010011001111101
00000000000101000000
00000000000000000000
00000000000000000000
00000000000000000000
00000000000000000000
00000000000111000000
00000000000010100000
00000000000000000000
00000000000001111010
00111100110111110010
00001001100001010001
00000000000000000000
00000000000000000000
00000000000011100000
00000000000000000000
00000000000000000000
00000000000000000000
00000000000000000000
00000000000000000000
00000000000000000000
00000010000000000000
01101110000000000000
00000000000000000000
00000000000000000000
00000000000000000000
00000000000000000000
00000000000000000000
00000000000000000000
00000000000000000000
00000000000000000000
00000000000010000000
00000000000100000000
00000000000010000000
00000000000000001010
00000000000000011010
10111000000000010110
10011000000000011001
10011000001100100000
10011000000101000000
11110011101001100000
01011000001001000000
00001000001001100100
11101000000011100000
01011000001001100000
00001011111001100000
00000110000111100000
11100100100000000000
11101001110000000000
10011000100010100000
01001000000000000000
00011000000000000000
01001101110000010011
00000110110000001011
00000000001111010111
00110111000000000111
00000110101101010100
00010011011010011000
00000000000000000000
01100000000000000000
11110100011011000000
10011000000001100000
00000011111010100000
00110011011001100000
10110111000111111101
10000101110000011110
10011001100011100000
01110000000100000000
01101011010101100000
01100011110100000000
00000001011010100000
00000111011110100000
00000010000000000000
10111001111000000000
11001111000111100000
01001011101000100000
11010100111001100000
11100010011101000100
01011111001111010000
01011000001100110011
10000000001010001110
00000000000000000011
00000000000000000000
00000000000000000000
00000000000100000000
00000000000000100000
10100000000011000000
00010000000000000000
00000000000000000000
00000000000111100000
01010000110101100000
11010001000011000000
11100110111001100000
11101001111001000000
00000111101110100000
00001010011010100000
11101011110000100000
01110110111001100000
00100011010000000000
01101101111100100000
00100011101101000000
00000000000010100000
00000010100000000000
00000001010000000000
00000000000000000000
00000000000000000000
00000000000000000000
00000000000010000000
00000000000000000000
00000000000010000000
00000000000000000000
00101000000000000000
01001000000001100000
00000000000000000000
00000000000010100000
00000000000000000000
00000000000000000000
00000000000000000000
00000000000010000000
00000000000011000000
00000000000000010100
01101000000101111000
00000000000000001010
00000000000111001111
10011000001010110011
10011000001001111101
00000000001101011101
01001000001001100111
00000101100000000111
11110111000000010001
00000000010101100101
11000010001001100110
00000000000000000000
00000000000000000000
00000000000000000000
00000111000000000000
00000110100000000000
00000000000100000000
00000000000000000000
00000000000000000000
00000000000000000000
00000000000000000000
00000000000000000000
00000000000001100000
01010110000000000000
00000101000010100000
00000000000000000000
00000000000000000000
00000000000100000010
00000000000000000000
00000000000000000000
00000000000111000000
00000001000010000000
11100000000000000000
11100000001001100000
01010000001101000000
10011000000101100000
10011010001001100000
00000110010110100000
00110101010110100000
01001010000010000000
11101110000111100000
00000110010010000000
00000000000101100000
00001000000000000000
00000110010000000000
00000001010000000000
00000000000000000000
00000000000000000000
00000000000000000000
00000000000000000000
00000000000000000000
00000000000000000000
00000000000000000000
00000000000000000000
00000000000000000000
00000000000011100000
00000000000111000000
00000000000000000000
00000000000000000000
00000000000000000000
00000000000000000000
00000000000000000000
00000000000000000000
00000000000000000000
00000000000000000000
00000000000001100000
00000100110000000000
10111111010000000000
11101101100011111011
00000111000000000000
00000000000000000000
11100001010000000000
00000010110010100000
10001001010000000000
00000000000000000000
11101100010000000000
11101011100011100000
01110000000001000000
00000010000111000000
00000000000000000000
00000000000000000000
00000000000000000000
00000000000000000000
00000000000011100000
00000000000010000000
00000000000000010001
00000000000000001010
00000000000000000000
01011000000010000000
01110000000000000000
11100000000011111010
00000001011111000000
01011110110000000000
00000111000000000000
01110111010100000100
01010000000001100000
11100010100101100000
01000101010111100000
11110000000111100010
00000000000000000000
00000000000000000000
00000000000000000000
00000000000101100000
00000000000011100000
00100011010010000000
01101001011001100000
10111101111000100000
00010000001001100000
00000000000011100000
00000000000011000000
00000000000001100000
00000000000000000000
00000000000000000000
00000000000000000000
00000000000000000000
00000000000010000000
10011010111111000000
00111000000111000000
11100000000010000000
00100000000000000000
00000000000000000000
10011100000010100000
00110111011110000000
01011110101001100000
00111100011100100000
10011011111000100000
01010100101001000000
10011111010000000000
00000111000000000000
00000101100000000000
10011000000010000000
00010000000110000000
10100000001100100000
10111000001001111011
01101000001100101110
00111100000000000000
00000000000000000000
00000000000000000000
00000000000000000000
00000000000111000000
00000000000111000000
00000000000000000000
00000000000000000000
00000000000100000000
00000000000000000000
00000000000111100000
11101000000111000000
00000000000000000000
10001000001111000000
01101000000000000000
11000000000000000000
00000000000000000000
00000101001001100000
00000000000011100000
00000000000010100000
00000000000100000000
00000000000000000000
00000000000000000000
00000000000000000000
00000000000000000000
00000000000000000000
01111000000000000000
11010101100011100000
00001011010000100000
00100001111110100000
01011101101001100000
00000001110101100000
01011111011011000000
00100010110100100000
00000000000100000000
00000111001010100000
01001011010000000000
00000111000000000000
00000110110010000000
00000000000000000000
11011000000000000000
00110000000111100000
00000000000000000000
00000000000100000000
11101000000001100000
01101000001001000000
00000000000000000000
00000000000000000000
00000000000000000000
00000000000011000000
00000000000000000000
00000000000100000000
00000000000000000000
00000000000000000000
00000111000010000000
10111111111100100000
01111101000010011101
11100101010000001011
11100010000000011010
00000000000000000111
00000000000000000000
00000000000000000000
00000000000000011010
00000000000000011100
01111000000000000000
00101000000000000000
00000000000000000000
00000000000000000000
00000000000000000000
00010000000100000000
00101000000000000000
01101111010101100000
10011111000000000000
00000110111000111100
00000000001010101110
11100000001110101101
11100000000000001111
00100000001100111100
01001000000011000000
00010111001010000000
11101111000100100000
10011000001010100000
00000010010000011110
00001000001000010111
00000000000100000000
00000000000000000000
01001100000000000000
10111100110000000000
00010010000000000000
10011110000000000000
10101100110000100000
00000100100000000000
11101000000101100000
01010000000001100000
00000000000011101010
00000000000010000000
00000000000101100000
00110000000101100000
00000100011001100000
00000001011001100000
00000000100000001110
00000000101000111100
00000110010000001110
00000101110000011100
00000111000000001101
00000000100111111001
00000110111010000100
00101110010000100000
01101110110011100000
10011000111110100000
01110011101110000000
00000100001110111010
00011010011001100101
01010010110100001111
01111011101101010001
01011010010100010011
00000110110101111011
00000111011101101011
00000001101001100101
11100100110101111101
10111000001001111011
01110111011001111010
11011000001001011011
11110000010000000000
01001000000000000000
01111000000001000000
11101110110000000000
00000000000000000000
00000000000000000000
00000110000000000000
00000000000000011110
00000000100010011001
01110100001101110101
11000000001001101101
11001101111010011101
01001110101101010100
01111010100000011011
00010100000000010110
00100000000000000000
11100000000000000000
00000000000101000000
00000000000000000000
00000110110011100000
