00000000000000000000
01000010100000000001
00000000000000000000
00000000000000000000
00100000000000000100
00000000000000000000
00000000000000000001
00000000000000000000
00000000000000000000
00000000000000000000
00000000000000001000
00000000000000000000
00000000000000000000
00000000000000000000
00000000000000000000
00000000000000000000
00000000001000001100
01100100011011001111
11100100111010000011
11001111101001111100
10100110001100011110
11100100010111110100
01100111001110111110
00010000001001001000
00101011010000100001
01100101100101101111
11100100101100111110
10000000110110110001
00000000000000000000
00000000000000000000
00000000000000000000
00000000000000000000
00000000000000000000
00000000000000000000
00000000000000000000
00000000100000000000
00000000000000000000
01000000000000001000
01000010010000000101
00000000000000000000
00000000100000000000
01000000100000000000
10100001011010110001
10010110011100111100
00111111001011110001
11001100011100110110
10101101111100100001
01000000100000000001
00000000000000000000
00000000000000000000
00000000100000000100
01000000001000000000
01000000000000000000
01010010101000011100
01100101011100101110
01000001001100000101
00000000000000000000
00000000000000001000
01001000100010110000
00011001110010101110
00011011011110100101
10011001010111000010
01010100000000101010
11011011111110001110
00000101011101101111
00000111101010111110
00010101001011100101
00001101001011011000
00010111000010011100
10111111100011111001
01000111001010110110
01100100011011111010
10110111001100011110
11001110101000010110
10011010101101010011
11101111000101000000
00101011011100100110
00111011110000011111
01001000100101010101
00111010010010101111
11010011000010001110
11010010001110101010
01101111001111000000
11111011010111010110
10100010111001000110
10011001101010101110
00101010010010110101
00111010111110100110
00100110110100110110
00100010010000101101
11110011110111001010
10100001010001101001
01000001110101001001
10100011011001000000
11011011100010100110
10011111000110101001
01101001010000100001
11001011010010010101
10101001110011111101
11000101011001011110
01100101010101101110
00100101110101111111
10111110000101110011
01111011011101100010
11001100110000100000
10100000101101110001
10101100100110010000
11111011110001011111
11100000000110000000
00000000100000010000
01000010110000000101
00000000000000001000
01110110011011001001
00111110000111010001
01110000001110101010
00111011111010101011
01100110001111111010
10001100110000110011
00111111111100101000
11011110111110100101
10110100011010101101
11011101110111100101
10110101101000111111
11000001001011111110
01111001111000010001
11101001100101010101
10001001000111001001
11000110101010001110
00101110110010101101
00100101100100001110
11100110001100111010
00001110101001001010
00111011110010101010
10100000011001001001
10111010101111101111
11010000100111000011
00010000001110010000
00101010011001011110
00000000000000000000
00000000000000000100
00000000000000000000
00000000000000000000
00000000100000000000
00000000000000000000
00000000000000000000
00000000000000000000
01000000000000000001
00000000101000000100
00000000000000000000
00000000000000000000
00000001000000001000
00000000000000000000
00000000000000000000
00000000000000000000
01000000000000000001
00000000000000000000
01000000100000000100
11010001000100000011
11010010001100011111
00110000000000010100
10100101111001101111
10011101010010010001
01100000001010110101
01111100011010011111
11101000011010110101
10101001011011010100
00100100111001000011
10000110101101110011
10100100111011101111
10101111100111101010
00000111000100101111
00001010111000011100
11111001110000011101
00011101000000011000
10111111000000010010
11011000000111101010
00000001001000000000
00100001010100000100
00000000000000000000
00000000000000101000
00111001110010011111
01010111000010111110
00100110001111011100
01010000001100011101
01101111001101100010
10001110011101011011
00100011110011111101
01001111000111111011
10001001110000110100
10000110011100001011
01000101010100101111
11011001001010001110
00010000000000001000
00000000100000000000
00000000000000000000
00000000000000000000
00000000000001000000
10101111101101110011
01110110010010101111
11010011111101010101
01010001001100110001
01101111000111101011
01000111000100000111
01101111001101101001
00010101001111100111
01011101000111100001
00100111000111111111
11110111000000100110
11100101001001000011
01101101101101100010
01011111110110010010
11011101110010011101
10100011011011010011
01010101100000100010
10000101010000000011
00101111001101100010
10101100110000110001
00110110010011000111
00001111001011010000
10101110010110100100
01001011110000101001
10001111000000010100
00000000000000001000
01000000000000001000
00000000000000000000
00000000000000001000
00000000000000000000
00000000000000000000
00000000000000000000
00000000000000000000
00000000000000000000
00000000000000000000
00000000000000000000
00000000000000000000
00000000000000000000
01000000000000000000
00000000000000000000
00000000000000000000
00000000000000000000
00000000100000100000
11101011110000100101
00111100001011001000
11100011110001001101
11000000100010111000
11110101100010000010
10001100100010110010
11100111100100111100
01100101011001001011
11111010101111000101
10010101100010000110
11001011001011010111
00000010110000000100
00100000000000000001
00000000000000000000
00000000100000000000
00000000000000000000
00000000000000000000
00000000000000000000
00000000000100000000
00100000000000000101
00000000000000000000
00000000000000001000
00000010100000110000
00000000000000000000
00000000000000000000
00000000000000000000
00100000100100000000
10110110010001100101
01010001001010100000
00000000000001000100
01100001010001001100
00111111000111101001
11001010110111000000
01011101100000010000
11110010111101111001
11000110111100111100
11101110011011101001
01110100010111111111
10110110101011100000
11000110001000101110
11101101111001011111
11010111100000000010
11010110110000100000
01110101010001101110
11001000001010100010
11101000110010010111
00101011010101011000
10011101111110101101
10010001001110001010
00001110100110010000
00100111111110111010
01100100110010001011
00000000000000000100
00100000000000000000
01010000100100010001
00101010011010110111
00111111000100001100
01001001101101101101
00111111001011010101
00010110001010000100
11100000011011100000
11111011111000011011
11010000001011001101
11011111001011100100
11000000001011101100
00001100111101001110
10100010010010100101
00000000100000000000
00000000000000000000
00000000000000001100
00000000000000000000
00000000000000000000
00000000000000001000
01000000000000100000
01110101101100001001
01000000100000000001
01000000000000000000
00000000000000000000
00000000000000000000
00000000000000000000
00000000000000000000
00000010100000000100
00000000000000001000
01000000100000000000
00100001000001100101
11110001001110000010
11000011111111010001
00000000000000000000
01000000100000000000
11000000010101111001
10010000010100111001
01111101101001000101
00000000001000000100
00000000000000000000
01000010100000000001
01000000000000000000
00000000000000001000
00100001000001000000
00100111000111000110
01100110010111010011
01111010001111100010
01100111011111111010
01011101011100101001
10111010001111101001
11111000100011111110
11010100110101010110
01110100111001000101
11110100110011000011
00100111101010111110
00000111011110110011
01000111001110111110
01101111001111101010
00011100110001100011
10000010111001110101
10110011110101011011
10111011110000011111
10100111001100000011
10100101111001000010
10001001100011110000
01011000010100101111
00011000000101011101
01011000011011110110
01000100111010101101
00011010111100100111
10000000110011101000
11011101101001110100
10101110111010101001
10101010110000100101
10101010110000110101
00000000000000000000
00000000100000000000
00000000000000000100
00000000000000001000
00000000000000000000
00000000000000000000
01000000000000000000
00000000000000000000
00000000000000000100
00000000000000001000
10011000001001011110
11010100011101111110
00001000001101011101
00101110110111111110
00011011011110100011
01110001100000101000
01000010100000001000
00000000001000000100
01110001101000001001
01100101011101101110
11111000011011110101
01010001010111100010
11001000001001100110
11000000000010110000
00000000000000000000
00000000000000000000
00000000000000000000
00000000000000000000
00100000000000000100
00000010000000000100
01100110100110010101
01111101101100000000
01011100000011010100
00111111101001000000
10001111000010011000
11010100100010001110
10100010010011101000
00000101100101101111
11000100001001001110
01000011000010111000
10101100001100011010
10010110100100111111
01001100011100010111
00011111100111100101
01000000000100010001
10110111110101000110
00000000110100000000
00011000000000101010
00100101011001101001
01101110011111001010
01000111101100111100
10010011100110001011
01010110000011000000
00000101010101001110
11111000111011001110
00010111000101111111
11111001101111000101
10111011010101001110
10010010110101110001
01011100100001100001
11000011010111110001
11001011001101000101
11100110011100011110
11111001010010011011
10101011110011011101
01111000001001101010
01011010100100101010
01010000111100000001
11110010010101010111
10011001100111001011
10001000001001010111
10011110001000111000
11000101100101101111
10000110111100011111
10100010010101110000
01101000010000001001
10000100010110110101
11011010001011111010
01111001000101001111
00101111000111101111
10110011110101011010
01100111100101111110
01000111100110111101
11000100111101111110
11000110001000001010
11111011000000111111
10010001000111101011
01100001001110110010
11111011010010011111
11011010101101011001
01100100101110111111
00101111101100100011
10001101111100010010
11010110000000110110
11110100110011001101
00001111101011010010
00110100010001100111
00100101110011111111
00111111001011011100
00011101010010011000
00110111010010111111
01111000110000101111
01010100110001000101
01100110000010011101
10010100101100110111
00001101101101100111
00011110000011000000
01100111010010111110
01011001101100010101
01011000000101011011
10111101010000111101
00101001111000010011
00010100111001111110
00101000000000001000
00000100100001001000
01000010100000000000
00000000000000000000
00000000000000000000
00100000000000000100
00000000000000000000
01100000000000000101
00010110000111011000
01101100111110111010
01010010001100111001
00010001101100011101
00000000001000001000
00001011111101000110
00101110101001101011
01000011111011110000
01001000000000010000
00010000001100001000
11001110111100011101
00000000000000000000
00000010100000000100
01101000110010010001
11010111100000010110
00110011110000111111
01100010101100110101
11100011010001111000
11111001101101000111
01101110000111010001
10101010110010000100
11000110001101111111
00000111011101000111
00100001101100110010
01100000100000000100
01000000101001001100
01011011110100011101
00110111000100110010
10000110101100010110
10010101100011100111
01011010111011000111
01000000100000000000
00000000000000000000
00000000000000000000
00000000000000000000
00000000000000000100
00000000000000000000
00100001001100000000
00010000001000001000
10010011111100110101
00100111100110111111
00000100111100111111
00001101001011011101
11100110000100111110
11110111100100011110
10111111000000011100
01101110001111111011
11001101111010110101
11100000110111110100
10101011101011101011
00101001011000010011
00000101001001101111
00111001101101101111
10110110011010101101
01001100011001001110
11011111101101000101
00000111001010010100
10111001011000010110
00110010001110001101
11100111010001001011
11000111001110011110
01010101101010000100
00010000001001001000
10000000000011000100
11111000000111101111
00101010111010110111
11101000100101010110
01000111001010100011
00001011000011011100
11000101011100000011
00000110101110111011
10001001111111111101
00011011110110001110
11000000100110110001
01100010100000010101
00000000000000000000
10000011011011010010
10100101111110001011
11111111110000011101
10101101001101001000
00001111101111101011
00101110001101101111
01011011111100101100
01000100101100001101
11001011100011010010
10111101101000110001
10011000100011100110
01110011101100001000
01000000100000000000
01000000100000000000
00000000000000000000
00000000000000000000
00000000100000000000
00000000000000100000
00000000000000000000
00000000000000000000
00000000000000000000
00000000000000000000
00000000000000000000
00100000100000000100
00000000000000000000
01000000000000000000
00000000000000000000
00100000001000001000
01010010010100111010
10000101001011000111
11100110001100111110
11001110000100100010
10011101110010100011
11010001000010101110
01000101001101111011
11110010111111111000
11111011111011010010
10001100111100100011
00111000100101110111
01011111001011010101
00111111001011010000
01110000000100011101
11011101001100010001
11000101101000001110
00001000001001011100
01101001100000001001
01011111101011011000
00111110111110001010
10011101110000011000
00101100011111010000
00100100110010000101
10110101010101110100
10001101100010011010
00000000000000000000
11001010100010100010
00000000000000000000
00000000000000000000
00000000100000000000
00000000000000000000
00000000000000000000
00000000000000000000
00000000000000001000
00000000000000001000
01111010101100001101
00000000001000000000
00100000000000000100
01110000100000001000
00101011110100001100
11011101100010000000
00111011111110101110
01111010111111000010
10011001101110101111
01100000100000000101
00000010000000000100
00000000000000000000
00000000000000001000
00000000000000000000
00000000000000000000
00000000000000000000
00100000001100001001
00100000001110010001
11101011110010010101
01110100110010001011
11000001111101000101
11101010100010101110
01110011011110111011
01000000001000001001
00100000000100010000
00000000000000000000
01000000100000000001
00000000000000000100
00010001011110000010
11010010110101110001
00000001110000100001
00000000000000000100
00000000000000000000
00000000000000000000
00000000000000000000
00000000100000000000
00000000000000000000
00000000000000000000
00000000000000000000
00000000000000001000
00000000000000000100
00000000000000000100
00000000001000000000
00000010000010000100
10010111101000111111
11001000000010100010
01010101110011111010
00100101011101001110
00101111111001101011
10010100110001100011
10010100011101010100
00110111001111000101
00011111001111000001
01000000000000100000
00000000000000000001
00000000000000000000
00000000000000100000
00000000000000000000
00100000000000000000
00010000001000001000
00001001000011011100
11010101100000110010
00111101110011010000
10110001011011001110
10110100010011100101
00101010110010010111
01000010001000100100
01000000100000000001
01000000000000000000
00000000000000000100
00100000100000000000
00001000001100010100
00010000001000001000
01000000000000000000
00001100000010010000
01011101101011000100
10111011111001010011
00011011011111100111
11011100101010101000
00111011111110100110
11100111001100110110
01100111001001001111
11101000001111101010
10000000000111010111
11111101101000010000
00111010110100000110
11000111001001001111
10010101000010111010
00100000001100000100
10100011110011111010
00001101011111010010
00010010010001000011
00100100001110000000
10110001000111110111
01001111001011111100
00111101001000010000
00000000000000001000
01000000100000000000
00000000000000000000
00000000000000000000
00100000000000000100
00100000000000000100
00000000000000000000
00000000000000000000
00000000000000000000
00000000000000000000
00000000100000000000
00000000000000000000
00000000000000000000
00000000000000000000
00000000000000001000
00000000000000000000
00100000000000000000
01000000100000000000
00000000000000000000
00000000000000000000
01000000000000000001
11010010100101010011
00001011110111101111
11111001011010010111
01111101110010011001
00011101101011011001
00101010100010100111
11111101001010100000
00111111001110001100
01100010101110010100
00000000000000000000
00000000000000000000
00100000000000000000
00000000000000000000
00000000000000000000
00000000100000000000
01000000000000001000
01100001000001001001
00000000100000100000
00000000000000000000
01001000100001011100
01010010101100011000
11011010000111000011
11111000000111110011
11011000001111011111
10111010010111010110
00000000000000000000
00000000000000000100
00000000000000000000
01000000000000000000
00000000000000000000
01000000100000000000
00000000000000000000
01101001100000101000
10001100100110010000
11110001100010001010
00111100110001000011
00001010110000000011
00110001110000100001
10100011011001010010
11010111001000110110
01000100101001001000
01101101010010110101
01011000101100011101
00110000001110001000
00110000111101010100
11010010111101111000
11111110010011100000
00010000001011001100
11011101110111001000
00101111010010110101
01010101100010111110
11011100100101110100
11110101000100111110
11011101110111101000
01111011110000111011
10100000110110110001
00011110101011101101
10110000001101111001
10110000000111100001
10011010101111101010
01000111001110110010
11010010111101111101
11001011011001100100
01100001100001001000
00000110111100101110
11101110110101100100
01100111000111111110
10101101011000101000
10110100010010111101
10001011111100100100
01011101001011010100
01111111100011011001
01111101010010100001
11111100011001110100
11110000111011100000
00100100101100101011
10101101001001011110
11000110110100010011
01011101000101001001
11010001010111001010
00111011011000011011
11000111101000000110
00101111000111011101
00110011110010111111
11111100110010011001
11111011011001110101
10011111100101101011
00000000000000000000
00000000000000001000
00000000000000000000
00000000000000001000
00000000000000000000
10101010010011100001
11101000100011100101
11111111110000111001
01000000100100010101
00110110001110000000
00000000100000000100
00000000000000000000
00000000000000001000
00100000000000000000
01100000000000000000
00000000000000000000
00000000000000001000
00000000000000000100
00000000000000000000
00000000000000001000
00000000000000000000
10000000000000000000
00000000000000000000
00000000000000000100
00000000000000001000
00000000000000000100
00000000000000000000
00000000000000000000
00000000000000000000
01100000110000000001
00000000000000000000
00000000000000000001
01000000100000000000
00000000000000000000
01000010100000000000
01000000100000000000
00000000000000000000
00000000000000000000
00000000000000000000
00000000000000000000
01000010100011001001
00111011111101100000
10111000000111101011
10011110100001100110
10110111100000111110
10101111101001001010
11101000010111111100
10010110000100110001
11111010010010000111
00000101100010111110
01010101101000101110
11010001011011000110
10011101010010001001
10001011000101101101
00000000000000000000
00000000100000100100
11101011010001101100
01101101000111011101
01000010100010010100
00000000000000000000
00000000000000000000
00000000100000001000
00000000000000000000
00000000001000000100
00000000000000001000
01000000100000000100
00100000000000000100
00100000000100000100
01101010010010010111
00000000000000001000
01000111000111111011
01101111000101100111
10011101110110101001
10110100010111100100
01000000110000100000
01000000000100100000
00000000000000100000
00000000000000000000
00000000000000000000
01100000100000000001
00000010000000000000
01000000100000000000
00000000000000000100
00000000000000000000
00000000100000000000
00000000000000000000
00000000000000000000
00000000000000000000
00000000000000001000
01000000000000000001
11000000100000100000
11010011111110000011
11100001010101101000
10010011011101111000
01001111101011011001
10101001100111011011
01110101110010001101
10000001000010001000
10010001100010001010
11000101011111110110
10010011111110001110
01100100101110011001
00101111101111101001
00000000100000000000
00000000000000000100
01100000000100000101
00000000000000000100
11010100110011000001
10110001111011010011
00110111000110101100
01000100111001001100
11111111111010111001
10110000001101110101
01111001100100001110
01110111000010110110
10010111010100011110
00010010101110010101
00011100110001010010
10000010000000000000
01100111011011110010
00110001101100110000
00111101100010100000
00101100111000000011
10010011110101011011
00100101110101101110
01100001011011111110
11010110011011110100
10111110010000110101
11111110110001010001
10111001010110101001
11110010101010001101
00000000000010000000
01110110111011000001
11111000000111100110
10001100100000110000
10010010101011000000
11100010010000110001
01010100011011111100
00110001000100001000
11111001100111100110
10011100111111101101
10010100110111100000
11101000010010100011
00011000010111010110
11011000001101011110
01010100101001000100
01000010101110010001
11101111010001101001
11110110010101110010
00001100010111000010
11101100110010100001
01110100110011000111
00000010100010010001
00000000000000000000
00000000100000000000
01000010100000000100
11110110000001110001
01000000000100000000
00000010000000000101
01100000100000000001
01000000100000001000
00000000000000000100
01000010100000000100
00000000000000000100
00000000000000000000
00000000000000000000
01101010110010010101
