00000000000000000000
00000010000111000000
00000100110110101101
00000111010111001101
00000111011011111001
00010001110101111011
00001000000000000010
01111010000101110100
10110110111011100000
11110110011101100010
01101100001010100010
01111011001110110001
11001111000001001001
00000000000000000000
00000011000111000000
00011000001001011001
11011100001011001101
11001100101110001101
10110000001000101101
01100000001011110000
00000000000010010111
00000000000111011000
00000000000010010000
00000000000000010100
00000101100000010100
00000000000000000000
00000000000000000000
00000000000000000000
00000000000000000000
11011101010101001101
11101100001110110101
10101101110110000000
00111010111110010010
11110000001100101101
00000100101010100100
00000000000000000000
00000100100000010001
00000000000000000000
00000000000000000000
00000100100000011110
00000000000000000000
00000000000000000000
00000000000000000000
00000000000000000000
00000101111100100000
00000000000000000000
00000000000000000000
00000000000000000010
00000101000000000000
00000000000000000010
00000101010000000111
00000111011111010111
00000100100000100110
00000000000000000010
00000000000000000000
00000010010000000111
00000111010101101111
00000000101110100010
00000100110110110111
00000101100000010100
00000101110000110001
00000010111100110110
01001111010001001011
00000010111101101010
00000010110111111011
00000110110111100111
00000000000000000000
00000000000000000000
00000000000000000000
00000000000000000000
00000000000000000000
00000010010101101001
00000000000010100100
00000000100000000000
00000000000000000000
00000000000000000000
00000000000000000000
11100100000000101011
10101100011101000001
11110101010011000000
01110101011001100110
01111111010111010011
11101110111001011101
00000000110000011001
00000110111001110111
00000110101110111101
00000111010111111100
00000010110111111001
00000010110101111011
00000111010101111101
00000111011101101110
00000111000111010001
01110100100111000000
11100001111101000100
01111111011010101101
10111101011011000000
01111010110000001010
00000000000000010011
00000101110000010011
00000101101100010111
00000101101101100110
00000101011011101101
00000101101011101010
10100000001110101111
01101111011010111110
10000100100010111001
10011000001101110111
11001110010001100000
00000011000110010000
00000001011001100010
00000010111101111100
00000000000000100000
00000000000000000000
00000000000000000000
01101100001011000010
11001111011001111110
00000010110001101101
10011000001101001111
11101000000011101101
01110000010001000111
01110111001101100000
00111001101001010011
10111010110000010101
11001001111101101110
11110101010011110010
11001001100110010000
00000001010111011011
00000010111101111010
00000001101101010000
00000011100111011010
00000011000111011110
00000000011101111100
00000110111101100111
00000110110101110101
00000110101011100000
00000000000000000000
00000000000000000000
00000000000000000000
00000000000000000000
00000000000000000000
00000000000000000000
00000000000000000000
00000000000000000000
00000000000000000000
00000000000000000000
00000000000000000000
00000000000000000000
00000000000000000000
00000000000000000000
00000000000000000000
00000000000000000000
00000000000000011100
00000000000000010000
00000100101010110111
00000000000110000000
00000111010111001001
00000010000111011010
00000101100000100001
00000010111011100000
00000101010000000111
00000000001100000000
00000001000000000000
00000000000000000000
00000000000000000000
00000000000000000010
00000001100000110000
00100001110000001001
00000100101010100101
00000011011101111110
00000100000000010100
00000001000000000010
00000000001010100000
00000100000000000000
00000000010001110100
00000111000111011000
00000011100101100000
00000000001100000000
10010110111100111010
00000100110000010101
00000010100101100010
00000110010111010111
00000111010111111001
00000011010101111100
00000000001101101001
00000010101110111110
00000111100001000110
00000000000010000010
00000000000111000000
00000000000000100000
00000000000000000000
00000000000000010000
00000000001011000111
00000000001011010010
00000000000000000000
00000000000000000000
00000000000000000000
00000000000000000000
00000000000000000000
00000100000000010100
00000001011000111011
00000000000000010010
00000000000000000000
00000000000000000010
00000000000000000000
00000000000000000000
00000111000000010101
00000100100000100001
00000001000110000000
00000010110111111011
00000000001100011010
00000000000000000000
00000001110110110001
00000111011101101110
00000001111110101101
00000001110000110111
00000101010000010111
00000000000000010100
00000000000000000000
00000000000000100010
00000000000000000000
00000000000000000000
00000000000111011110
00000001011010100010
00000011101011100010
00000011010101101010
00000010111101111010
00000110110111001101
00000111010111011100
01000110001101101011
00000001010000110011
00000101111101111101
00000011111101111011
00000000110000011100
00000000000000000000
00000000000000000000
00000000000000000000
00000000000000000000
00000000000000000000
00000000000000000000
00000000000000000000
00000000001101001000
00000111000111001111
00000100100000000010
00000010111101101101
00000010110010110111
00000001011110011110
00000000000000000000
00000000000000010000
00000001011000100011
00000111010011010111
00000101110000010001
01000110110101111011
00000110010101001101
00000110100111011010
00000100000110011000
00000110110111001011
00000001111000000010
00000110111011101101
00000110111001111100
00000010111101111011
00000001110011111011
00000010110101111010
00000110110111001111
00000110010101101101
00000111001111010111
00000110111101001110
00000001110111000000
00000010111110100000
00000000011101101011
00010010110000011001
00000011101101010001
00000100111011101101
00000001110101101101
00000011100101110110
00000111000111010111
00000100100000000101
00000000000000010100
00000011100000000000
01111010110000001111
10110110110000100100
10011110110010100000
11011110110000110111
00000001101101011110
00000110110111101101
00000111011101101010
00000110111101100110
00000010010101101011
00000010110101111110
00000000001101000101
00000011111100101010
00000000000110011010
00000111100110011010
10111111000000001100
11001000000000000010
10101000001000101001
01011100100001011001
11011000111011001011
00001111100111000010
00110000111000010110
10111000000100110001
01110000001011110100
01111100010111000000
11100001101101110110
10111000001101100111
10111000001101110111
10101000000100001010
01100000001001101101
00000000000000000110
00000000000000000000
00000000000000100000
00000001111010110001
00000000001101011000
00000101010101101101
00000110110111101101
00000101010111001101
01101111010111110001
00010110011110101010
11101010110000011110
10110000000111111010
10111000001101110111
00101101011010111100
00000100101010110111
00000111010000001011
01110111010110011001
10111001110000000000
00000101101011110111
00000000000000000000
00000000000010100000
00000000000000000000
00000000000000000000
00000000000000000000
00000000000000000000
00000000000000000000
00000000000000000000
00000011100000000000
01010111000000000111
10111011100000010110
01011000000000000010
00011001100010111100
00000010001101101011
00000011101011110110
00000000000110111100
00000101010000110111
00000011100111010000
00000110010101001101
00000000001000000000
00000000000000000000
00000000000000000100
00000000000000000000
00000101010000010111
00000100011110011101
00000111001011010101
00000110010101111100
00000110111101111110
00000001011110001111
00000010000000000000
00000000000000000000
00000000000000000000
00000010101011000010
00000000000000000010
00000000000000000000
00000000000000000000
00000000000000000000
00000000000000000010
00000000000000000000
00000000000000000000
00000000000000000000
00000000000000000000
00000000000000000010
00000000000000000000
00000000000000100000
00000000000000000000
00000000000000000000
00000000000000000000
00000010000000010110
00000111010011000011
00000011111101110101
00000010001101111110
00000111011001001110
00000110011010110110
00000110110111111011
00000010111101101000
00000001111011100000
00000001110000100000
00000000000010100010
00000000001000001001
00000010000101111001
00000010111101111011
00000000000000000101
00000110110001000000
00000100001110011110
00000110011110011010
00000101100101011011
01110111000101100000
10111110101110000000
00111110100111000000
00000101111010100000
00000100111001110111
00000001010011010111
00000111001101100010
00000110010111101101
00000111010111001111
00000110010111001101
00000100100111111110
00000110010000010111
00000110110101101101
00000011100001101100
00000000001001000000
00000000000000000000
00000000001110100110
00000000000000000000
00000111011010101001
00000011111101111011
00000000100011100010
00000011100101110101
00000010111011011100
00000111011110110111
00000011001000010111
00000011011011001110
00000111000000000000
00000110110000001101
00000110110111101101
00000110111010110111
00000011010111011001
00000101110001111100
00000101010000001011
00000110010111011011
00000011001101111011
00000000000000001110
00000000000000000000
00000000000000000000
00000000000000000000
00000010000000000000
00000001100000000000
00000000000000000000
00000000000000000000
00000100000000001101
00000101010000110001
00000101111000001011
01111101100000011100
11110111001011111010
11001111100001011110
10101011001011011100
00000010110111101011
00000101111101101100
01111110010110111110
10110000001100110111
11010000001111001101
11001010111101100000
11001011100100100000
11100111000011111110
00000010000111001000
00000000000011100000
00000000000000000000
00000100000000010111
00000000000000000000
00000011001100000000
00000000000000000000
01001000000000011010
00000000000000000000
00000000000000000010
00000000000000000000
00000011100010100010
00000100101110011100
00000111000000000000
00000100010000110101
00000111000000000110
00000111010011101101
00000010111101111011
00000000110000110101
00000000000110011110
00000011000111011010
00000100001111000011
00000001100011011010
00000111010101101101
00000111010101101101
00000101100001110100
00000111001101011010
01100111010101111011
11001101100100110111
00000010110111111011
00000110111000110111
00000110010111001101
00000101010000010101
00000100111011110111
00000100101010100111
00000000011110001100
00000111000000001101
00000110100000110110
10100001110000000000
00000000000000000000
00000000000000010010
00000000000000000000
00000000000000000000
00000000000000000000
00000000000000000000
00000000000000000000
00000101010000000001
00000000000000000000
00000000001110010000
00000111010111011101
00000111010101101101
00000100101101101001
00000001111011111110
00111010001110101101
10011011110010101011
01110010110000000111
00000001100010100011
00000001101010100000
00000011100000000010
00000000000000000000
00000010000000000010
00000111101101110100
00000011100111000000
00000001101010100000
00000000000000000000
00000000000000000000
00000100000000000111
00000011101100100010
00000111010000100101
00000110010100100000
11010000111110100000
10110101011010111110
00000111010111001011
00000101010000100111
00000000001000010110
00000111010101001011
00000110110010111101
00000010001110000010
00000000001110001101
00000011111101101111
00000010001000100111
00000000001000000011
00000000000000000010
00000000000000000000
00000000000000000000
00000000000100100000
00000000000000000000
00000000001110000010
00000000000000100000
00000011101011100010
00000000000000000000
00000000000000000000
00000000000000000000
00000000000000000000
00000000000000000000
00000000000000000010
00000000000000000000
00000000000000000000
00000000000000000000
00000000000000000000
00000000000000000000
00000000000000000000
00000000000000000000
00000000000000000000
00000000000000000010
00000000000000000000
00000011000100000000
00000011010000011010
00000000000000000000
00000000000000010110
00000011100000000000
00000000000000000000
00000000000000000000
00000000000000000010
00000000000000000000
00000000000000000000
00000000000000000000
00000000000000000000
00000000000000000000
00000000001011000000
00000000000000000000
00000111010000000111
00000001100000010010
00000000000000000000
00000000000000000000
00000000000000000000
00000001000000000000
00000100101011000010
00000100000000000000
00000000000000000000
00000000000000000000
00000001000000000000
00000000000000000000
00000000000000000000
00000011000001100000
00000000001000000010
00000000001011000000
00000000000000000010
00000000000000000010
00000001101000010111
00000111001000000111
00000111001101000010
00000111011010111100
00000110111010100001
00000110110000000111
00000110110111001101
00000000010101101001
00000100110000011101
00000000001010000000
10101010110111001110
00000011100110100000
00000010000000000000
00000000000000000000
00000000000000000000
00000000000000000000
00000000000000000000
00000000000000000000
00000000000000000000
00000000000000000000
00000000000000000000
00000110000000010111
00000111001101101101
00000110011101101101
00000110110101111101
00000001111011100110
00000001100010100011
00000111011100110001
00000011111101111011
00000110010101101101
00100110110110110111
00010011111110100010
10100010001100100010
10101010011101100111
00000101010011011101
00000010110111101101
00000000001010110010
00000111011011100100
00000110110101111101
00000001101000011010
00000101110001111100
00000001011101101010
00000010111101111011
00000001100000100000
00000000000000000100
00000000000000000000
00000000000000000000
00000000001010100010
00000110111001001111
00000100101101101100
00000011110101101111
00000111100111101011
00000111000111010000
11001011001011101101
11100000111011010110
00000100000000000000
00000000000000000010
00000000000000000000
00000000000000000000
00000000000000000000
00000000000000000000
00000011000000000000
00000000000000000000
00000000001100000010
00000000000000000000
00000111000000000000
00000000000000000000
00000100100010110100
00000000000111010100
00000111010111001011
00000111010111011011
00000111010111011111
00000100110110100000
00000000000000000010
00000000000000000000
00000000000000000000
00100000000100001100
00000000000000001110
00000110101010000000
11010101101101111101
00000111001001010110
00000010111101110000
00000001011010011011
11110000001101101101
10101001110000011100
01111011110010101011
01000010110011111001
00000010111011101101
00000111100000010101
00000000000000100000
00000000000000000000
00000000000000000000
00000000000000000000
00000000000000000000
00000000000000000000
00000000000000000000
00000000001011100000
00000001111100011001
00000001110000100001
10001001100111001001
11001010111101100000
10101111100000100000
00111000001101100111
11010000001101001011
11100111011010111100
11001111100011000111
00111110110000010001
00101111000101000000
11100111000000001101
10010011010000000000
00000101100000000000
00000000000000010101
00000100000000001101
00000000000000000000
00000000000000000100
00000100100000000010
00000111010000110100
00000010111110101010
01110101100111010000
01011011011101001101
10101010110101010110
00000100111101111110
00000001110101101101
00000101010111101101
00000101100010000000
00000000000000010110
00000100010001101101
00000111010111110111
00000111010101101111
10111000000011000000
00001010111100111010
00000011110110101001
00000101000000000000
00000111100110000110
00111010111101110111
01110100001011000100
10001010011000000010
00000000000000000000
01001000001100100000
01010111000000000000
00000000000000000000
00000000000000000000
00000000000000000000
00000001000000000000
00000101100000000000
00000000000000000010
00000000000000000000
00000000000000000000
00000001100000000000
00000000000000000000
00000000000000000000
00000000000000000000
00000000000000000000
00000000000000000000
00000000000000000000
00000000000000000000
00000000000000000000
00000000000000000000
00000000000000000000
00000000000000000000
00000000000000000000
00000000000000000000
00000000000000000000
00000000000000000000
00000000000000000010
00000000000000000000
00000000000000000000
00000000000000000000
00000000000000000000
00000110100000000010
00000000000000000000
00000000000000000000
00000000000000000000
00000000000000000000
00000000000000000000
00000000000000000000
00000000000000000000
00000000000000000000
00000000000000000000
00000000000000000000
00000000000000000000
00000000000000000000
00000000000000000010
00000000000000010100
00000000000000011100
00000000000000000010
00000000000000000000
00000000000000000000
00000000000000000000
00000000000000010000
00000010000000000000
00000101010000001001
00000010110111011001
00101111010011111001
00000000000000000000
00000000000010100000
00000000000000000000
00000000000000000000
00000010110111101101
00000110010111011001
00000011000111011000
00000011111111011000
00000001010000000000
00000000000000100000
00000011000111010100
00000000001000000111
00000000000000000000
00000000000000000000
00000000000000000000
00000000000000000000
00000000000000000000
00000000000000000000
00000000000000000000
00000000000000000000
00000000000000000000
00000000000000000000
00000000000000000010
00000000000000000010
00000000000000000000
00000000000000000000
00000000000000000000
00000000000000000000
00000000000000000000
00000011101010100001
00000010001110000010
10011000000111001101
10011101101010101101
10000010111101101110
10111000001101101011
11101000010001000101
10011010110010100000
00000010010001100001
00000111010101101101
00000111001001001101
00000001111101101001
00000111010101111001
00000111101101011110
00000000000000010111
00000100100100110000
00000111011101101010
00000011101011111110
00000101111010100111
00000000110000011011
11110001101010101101
10101100101111010111
11011010101000111001
11010111100001001101
11110010111010001101
00000111011101101101
00000010110111011100
00000000000000000000
00000000000000100000
00000011001111010011
00000000000011011000
00000000010010100001
00000000000000000000
00000101010000000111
00000001100000000000
00000011111101011110
00000010110101111001
00000011100101100010
00000000000000000000
00000000000000000000
00000000000000000000
00000000000000000000
00000111000000000000
00000000000000000000
00000101010000001101
00000101100000000000
00000011100000000000
00000001110011100000
00000000000000000000
00000000000000000000
00000000000000000000
00000000000000000000
00000000000000000010
00000000000000000000
00000000000000000010
00000000000000000000
00000000001000010010
00000000001010010101
00000000001011000010
00000010111011000010
00100011100111000000
00000010000111000000
00000000000000000000
00000000000000000000
00000000000000000000
00000000000000000100
00000000000100110000
00000000000000000000
00000000000000000000
00000000000000000000
00000000000000000000
00000000000000000000
00000000000000000000
00000000000000000000
00000000000000000000
00000000000000000000
00000000000000000000
00000011001101101010
00000101101011100111
00000111000011010101
00000011100000100100
00000100000000000000
00000000100000000010
00000000000111011010
00000001001110010000
00000000000000000000
00000000000000000000
00000000000000000000
00000000000000000000
00000000001110011010
11100110111001000000
10100111011011100010
10011101011100000000
00000110011101100000
00000000000000000000
00000000000000000000
00000000000000000000
00000010100111000000
00000101100010100000
00000000000000100010
00000000000000000000
00000000000000000000
01010011000000000101
01110000000010100110
00111010001101100100
01111010110111000101
00110000010011010101
11101011110111001010
11110001110011000011
01111000001011010111
01111011110000001101
10100100000101100000
11010000001010111001
01011000001101000100
11010111010000100111
01100001110000001111
00000000000000000000
00000000000000000000
00000000000000000000
00000000000000000000
00000000000000000000
00000000000000000000
00000000000010000000
00000000011111001100
00000110110101101101
00000011011111001100
00111000000111100100
00111111100100011001
10111110010000001101
01101111000110110011
11010000001110001101
11011000001011111001
11010000000011001011
01000000000000000010
00000000000000000000
00000000000000000000
00000000100010100010
00000000000000000000
00000000000000000000
00000000000000000000
00000000000000000000
00000000000000000000
00000000000000000000
00000000000000000000
00000000000000000000
00000000000000000000
00000000000000000000
00000000000000000000
00000000000000000000
00000000000000000000
00000000000000000000
00000000000000010010
00000111011001000100
00000100001010100111
00000000011011010111
01000011100000100010
00000001100000010100
00000000000000000101
00000000000000000000
00000000000000000000
00000000000011000000
00000000001001000000
00000111010100001101
00000001110111011001
00000101110010110001
00000010000101000000
00000011101100100010
00000101110000111011
00000001000000000010
00000100000000000000
00000001001010000000
00000000001111000000
00000000000000000000
00000000001110010100
00000000000000000000
00000000001000000110
00000000001110010110
00000101000000010110
00000100110101101101
00000001111110011110
00000010001111000010
00000000000000000000
00000000000000000000
00000000000000000000
00000000000000000000
00000000000000000000
00001000000000000000
