00000000000000000000
00000000000000000000
00000000000000000000
00000000000000000000
00000000000000000000
00000000000000000000
00000000000000000000
00000000010100010110
00000000000000000000
00000000000000000000
00000000000000000000
00000000000000000000
00000000000000000000
00000000000000000000
00000000000000000000
00000000010000010100
00000011101100111101
00010100010110101100
00000111000000000000
00000000000000000000
00000000000000000000
00000000000000000000
00000000000000000000
00000000000000000000
00000000000000100000
00000000000000000000
00000000000000000000
00000000000100000000
00000000000000000000
00000000000000000000
00000001000000000000
00000000000000000000
00000000000000000000
00000000000000000000
00000001000000000000
00000000000000000000
00000000000000000000
00000000000000000000
00000000000000000000
00000000000000000000
00000000000000000000
00000000000000000000
00000000000000000000
00000000000000000000
00000000000100000100
00000000000000000000
00000000000000000000
00000000000000000000
00000000000000000000
00000000000000000000
00000000000000000000
00000000000000000000
00000101000000000000
00000000000000000000
00000000000000000000
00000000000000000000
00000000000000000000
00000100000000000000
00000000000000000000
00000000000000000000
00000000000000000000
00000000000000000000
00000000000000000000
00000000000000000000
00000000000000000000
00000000000000000000
00000000000000010010
11100111001010111100
00011111010010011101
10111111011100011001
10011000000110111011
10101000011001100001
11110000001110111010
01101000111101111010
01010000110110100011
10011011110111100111
01011111000000001010
10101011011011000011
00000110111101111010
01111101100101010100
00000000000000000000
00000000000000000000
00000000000000000000
00000000000000000000
00000000000100000000
00000000000000000000
10100001010000000000
10101010110100110100
01111001011100100001
11001110011010000001
00000101011000000001
10010101110000000010
11001011001000001101
11001101100111011100
11011000001000110111
00011101100000000000
01111101101011010110
00000010100100000110
01101100101011000101
11101000000111011010
11010011011011011011
00100110100011101010
10110101100011100000
01101101101011000110
11010100100001110000
10101101100110101110
11110110010000010100
00011101010000111101
00101100000111011101
01010110010111001101
10000110010010101001
11101101100110011010
11110110110101101101
10101010111011000000
11110110010011100110
01110011011111000000
00111011000000111011
00011101110011010100
11101001010001001110
11001110110110100000
00100101100110111001
01111100110110110011
10111101100001100111
00000001110000001001
00000000010110111100
00000000010011111001
11110111011101100000
01110110110101000101
11001101000011001110
10101111011100010010
11001011001001100000
01110000001100001100
01000000000000000000
00000001000000000000
00000000000000000000
00000000000000000000
00000000000000010100
00000010000100000000
00000101101011101101
01101100111101011000
00000000000000000110
00000000000000000000
00000000000000000100
00000000000000000000
00000000000000111010
00000011100111111010
00000101101101111101
00000101101010000000
01100101100110000000
11101101101101011010
00000110010011011011
00000011000000000110
00000000000000000000
00000000000000000000
00000000000000000000
00000000000000000000
00000000000000000000
00000000000000000000
00000000000000000000
00000000000000000000
00000000000000000000
00000000000000000000
00000000000000000000
00000000000000000000
00000000000000000000
00000000000000000000
00000000000000000000
00000000000000000000
00000000000000000000
00000000000000000000
10101011000000000001
01001011000000001111
00000110101001101111
00000010101101111100
10011101110111000100
11101100000010110011
10011110001010110001
11001011100110110010
00000000001101111001
01110101100010011010
01111000001010110101
00010101000110101000
11001000000111111011
00101000000101101111
00101000010000001100
00101011101110111100
10111101100001000001
10011101100001011010
11011101100010110101
00101010111000111010
11000111011011001000
00000100010110101101
00101010111100111101
10111011011101101000
11110010111011001001
10000110011101100111
00000101100000000000
00000000000000000000
00000000000000000000
00000000000000000000
00000000000000000000
00000000000000000000
00000000000000000000
00000000000000000000
00000000000000000000
00000000000000000000
00000000000000000000
00000000000000000100
00000000000000000000
00000000000000000000
00000000000000000010
00000000000000010010
00000000000000000000
00000010000000000000
00000000000000000000
00000000000000010100
00000101000000000000
00000001000000000000
00000000000000000000
00000000000000000000
00000000000000000000
00000001000000000000
00000000000000000000
00000001000000000000
00000000000000000000
00000001000000000000
00000000000000000000
00000000000000000000
00000000000000000000
00000000000000010000
00000000000001010100
00000001000000000000
00000000000000010000
00000000000000000000
00000010000000100010
00010011001101101100
00001011010110010111
01000011001101111010
00000010101101101110
00000101101000000011
00000100101011000101
10111100000111101011
01111110010110011101
11100101011101100000
01111111010101001010
00010111011101010100
01110101010001010100
10010001011011011011
01110010111101100011
10011011001111010111
01101100111101100000
00100111101011100011
00000101101101111101
10110101100001101011
01110100100011010010
00000101101100101110
01111110111011100000
11001101111011010110
00101101100011000010
00011010111011110100
10110111100001101111
10110101100001100011
11000100100110100001
00000000000000000000
00000010110110000110
00000001010110000111
10110110100101000111
01011100000100001010
10111101101011100011
10011110010000000000
00000000001000010100
00000010110111010111
00000010110001101111
00000010110111011010
00010011111101000011
00000010101101010111
00111111100011100000
01111101111101100000
11001100011110100011
11000000001000010111
11101000001011111101
01110000000010111010
00000100111011011000
10011101100110001000
00011100010110110111
11001110110110100000
11001110110111110010
10100101100110010100
01110100101010010111
01101111001110110111
10111101110101001010
11011101100101011010
01110011111010100000
01111110101011110110
00101011001000000000
00000000000000000000
00000000000000000000
00000000000000000110
00000000000000000110
00000000000000000000
00000000000000000000
00000000000000000010
00000110101101111010
10110110100011010011
00110101101011011110
11110011011101100000
11011100011101100000
00000111011010101010
00000011000000000001
00011011001101000001
00110000101110111100
10100111001001101001
10011101100010011011
01010101011010011011
01001111101010100111
01000111010110111011
00000100010011010100
00000011101100000100
10100000001110111101
01110101101011000100
01101001100010100110
10101111010111111111
00000100010010101001
00100101101110010100
01101101101011001100
11001001011011001110
00000101101100000110
11000111011011101110
00000000000110111000
00000001111101111001
00000001011000111001
11001010110110110101
10111000110111010100
11000010110101100000
10110011101011011101
01110110011100110111
01111110101011011110
11000111100100000001
00000101111011111011
00000110111101110011
11100010000101111010
10000100111000101110
00000101101101101101
00000101101101111001
00000110111101111010
00010011111011111011
00000010110101111101
00000110001011000111
00000101101101111101
00000000011010101000
00000001100000000000
00000101110100010100
00000000000000000000
00000001000000000000
00000000000000000000
00000000000000010100
00000000110000000000
00000000000000000000
00000001101101110000
00000110101110101101
00000110010011111001
11110110100110010001
11010011011111101010
11011011011110100000
10110000000110111011
10110010111010111000
10010101100001010011
11001000001100001111
10011000000011010000
01110001111101100111
11001110111110001011
01101011010011001111
11011111000100111001
11100010100100011001
00010011001100101100
10110111011101000001
01011011111011011010
00000110010011011101
00000101011011011000
11001110001110100000
00000101101100010100
00000110111101010011
00000101101011000000
00010000111100000011
10101100001111011101
11011111011100111001
10111000000011100111
11100101100110111010
00000101010010111100
10010110010110101100
00010001001110001110
11110001000111000010
00000001010110101101
00000101101101111101
00000001000000000000
00000000000000010010
00000101101101101101
00000101101110101100
00000101100110111100
11100011101000110011
00000000000001111011
00000000000001111011
10111001001110011101
10110100111101010100
11010011011111000001
11110111011101100000
01111110110100100111
11010111000001110100
00100110011011100000
10111000001111000111
11011101111011110000
01101010000110110110
10011101010110110110
10111000011101100110
01011011010110100000
10100011010110101001
00010000011011000000
00000000001000000010
00000000000000000000
00000000000000000000
00000000000000000000
00000000000000000000
00000000000000010010
00000110110110010111
01101011000100011011
10111000000000011101
01011110110011111010
10011100110100101110
00101000010000001010
10011101100011000100
01101101101011001100
01110101101011010100
00000001000001111101
00000110000111111111
00000100010110101111
01000010110011101111
00000111011011101100
00111111010110100110
01011011001010110110
01110011001101110100
01010100101001100111
00000100011101000101
00000010101101010111
00000111001101101110
10110101101110101110
11010101100100011010
00000011010001101011
01101000010001001111
10110111011101111010
10111110011101100001
11110011001101110100
01101100001011011101
00000111011010111011
00010001110000111001
00100000000100011010
11000000001101101010
01001101101101011010
10111000001010110011
00000000000001100110
00000000000000000000
00000010100001000011
00000100011011111101
00101011010001100011
10111110110000110000
11010101110000101100
11110101111000111010
01110110101000110100
10100101100011101001
11110101100000110000
11011110110001111010
10110101111000111010
01110010111111000011
11001110111110100000
00011111010110110111
01011111011101100001
11011110100000001110
00000010100110111000
00000011111110000001
00000101000000000000
00000000000100000000
11110110011101100000
11000010111101010000
00000010111100000111
10101000001101110111
01101010110101110000
10111001011101100000
01100011111101100011
00000111001011010111
00000000010000101101
00000000110101111001
11100010110101111101
11000110001010101101
01101101101011001101
01101110010000001111
00111110100000000111
00000101100000000100
00000111011100001101
00010101011101010101
01011011101011010110
00000110011011001101
00011011111010010001
00000110010110101110
10001111011011000001
00000111110111000011
01101010111001100111
11100110111000010111
00000000000000000000
00000000000000000000
00000110100011100000
00000000000000000000
00000000000000000000
00000000000000000001
00000000000000000000
00000000000000000000
00000000000000000000
00000000000000000000
00000000000011000000
01101111010001001111
01111111010000001111
10110101100000110011
10110101100000010100
00000000000000000000
00000000000000000010
10111110010000011000
00111001100010110111
10110101100010111010
11001000011001011010
00010010111011111010
11010000001110011100
11110000001111001010
01111000000110110000
00000010000000000000
00000111100101111100
10111101111010011010
11001111011110000001
00000011010000000011
00000000000000010010
00010011111000010011
00000101101101111111
00000101111110010100
10111011101110110111
00000101100110101100
00000000000000000000
00000000000000000000
00100000010000000000
10011110100000100000
10001000000001001011
00000000000000000000
00000000000000000000
00000000000000000000
00000000000000000010
00000000000000000000
00000000000000000000
00000000000000000000
00000000000000000000
00000000000000000000
00000000000000000000
00000001000000000000
00000000000000000001
00000000000000000000
00000000000000000000
00000000000000000010
00000000001000010100
00000000000000000000
00000100000000000000
00000000000000000000
00000000000000000000
00000000000000000000
00000000000000000000
00000000000000000000
00000000000000000000
00000000000000000000
00000000000000000000
00000000000000000000
00000000000000000000
00000000000000000000
00000010100000000011
00000000000101101101
01011111010101001111
11100111011110010001
10110011110001011101
01110101110001111101
01110010110000011101
11100001110100100011
01111111000100011001
11001010111100100000
11110110011101100000
10000110100111111011
10101010001110111100
01111100010111101111
10011100100001010111
01110011000010111110
00000100000101110000
11001110111110110100
11110110011101100000
11110011011101110100
11101111011001111010
00011101100000011100
10111011100010110011
10110000000101111010
10110100011100010110
11011011010110100001
00011110010110110111
10111011110000011010
00000111001111010110
00000101101101111101
00000011101101100111
11001001110100001001
10001000001001010111
01101111101101011010
00111101101011000111
00100011010001001101
00000110001001101110
00000010111101111101
00000011101100100110
00000000000000000000
00000000000000000000
00000000000000000000
00000011001100010111
00100010111001101001
10011100010110110110
00010011010110101110
00000111101000010001
00100111001011101110
00000110010101010111
00111010100110101101
00000101100110111111
00000100011010100000
00000000000000000000
00000001000000000000
00000001000000000000
00000000000000000000
00000000000000000000
00000000000000010100
00000001000000000000
00000000000000000000
00000000000000000000
00000000000000000000
00000000000000100000
00000000000000000000
00000001000000000000
00000000000000000000
00000101101100010100
00000000000101000000
11101011100110110000
01110011101011010111
11100000001111011011
00000010000001000011
00000000000001000000
10111111010110111010
00000110111110000111
00000000000010111100
00000100010100010110
00000101101010000000
10110011001111101101
10111000001011000011
10011010111011011001
00000000000000000000
00000001001000000000
00000000000000000000
00000000000000000000
00000000000000000000
00000000000000000000
00000000000000010100
00000101101111010101
10101101101101101111
00000101101101101101
00000101101101111001
00000101101101111101
00000101101101111101
00000011000101010101
00000000000000000010
00000000000000000000
00000000000000000110
00000000000000000000
00000000000000000000
00000000000000000000
00000000000000000000
00000001000000000000
00000000000000000000
00000000000000000000
00100001000000010100
00000110111101010111
00000101101101010110
00100101101011000110
01101101101011100100
00101100001101111111
10001010110110110100
01110100000110001000
11101101100110110001
00011000101000010100
01110010110011101110
11110010110111001011
01011101101001010111
11110101100001110111
11001000001101101110
11001010001000001101
11011010000111011001
11110010100110000011
11110011100001000111
00000000000000000100
00000000000000000000
00000000000000000000
00000000000000000000
00000000000000000000
00000000000000000000
11001101000110100111
00000011010000100110
00000001000000000110
10000000000100011010
00000000000000000000
00000001100000000000
00000000010110101101
00000101010011101001
10000000100100111011
01011011111011110011
11011000001110100111
10011100011111100000
11001011100110100000
11110101100000011010
11110101100000011111
11001000001100011011
11000000000100011010
11101110011001011101
01011101010111010100
00000110101011010010
00000011011011010100
00000100001011000110
01101101101101101000
00010101100000000010
10000111100011111001
11011000000100001011
10101101111011001010
11110011101110100001
00000000000000000000
00000000000000000000
00000001000000000000
00000000000000000000
00000000000000000000
00000000000000000000
00000000000000000000
00000000000000000000
00000000000000000000
01011001000111011010
01110101100101001000
10101000110101110110
11001101011011011011
01001000001000110101
01110101100000111101
11110101110000101101
00000101101110111100
00000001101101101101
00000011000101101011
00000101101101111001
10100011110100010111
00000010110000101010
00000000000100000000
00000000000000000000
00000000000000000000
00000001100000000000
00000000111101110111
00111100011101100111
01111100101011000000
00101010111000100000
11110100111001000111
00000110010101010111
00000101101011111001
01101001111101100000
00110011100011110000
11001110110110000001
11110101100110101111
01101001000110100000
01101110001011100001
00000000000000000000
00000000000000000000
00000001000000000000
00000000000000000000
01000101101110110011
00000010100101111010
00000110111011011101
11100101110110110100
10011000010111100111
11001000001010101111
11011100010110110011
10111001000110010000
11001110011111000110
00100010111100110110
00000101101101101110
11001110001001111101
01010011010110101111
11011001100001011010
01101101101010110100
10111101100011000011
00111000000111110111
01101001011000100001
10011101100000001010
10100101100110101010
10111101100000011010
01100111011110111001
01111000001101001110
01110110111010011011
00111100000000011010
00000010000000000000
01011011101000111111
00000100011110110001
10011001101101111011
00000101101101101101
00000111010011101111
00000101111010001010
11010111100101000111
00000111111111011100
11011000001011110111
01011101000011110101
00010110010000101110
00000011101110000111
00000000010000000001
01010000001011100100
00000000000001101101
00000001010011111001
01110101011101110101
10111010111101001001
10111101100010110111
11100101100010110111
11101101100001100110
00101000001101101100
11110011011011000001
11110110110000011101
10000101101100111101
00000011010111010000
01101011010110100000
11001011001010100101
01101010111110100010
10011101010101100001
01001111010000001101
10011111001100001111
00000001111101101101
11110000001011010110
10111010100011010001
10011101100000000010
01110111101011001110
00100010110111011010
10011010110110111100
00011011010011010111
10110000000011001100
10110111011101100000
11001110100101011010
11011011001100001111
10110000010110000110
10101010110101100000
01000110101101111010
00000000000000000000
00000000000000000000
00000000000000000000
00000000000000000000
00000000000000000000
00000000000000000000
00000100000000000000
00000000000000000000
00000000000000000000
00000000000000000000
00000000000000000000
00000000000000000000
00000100010110010100
00000111000000000000
00000000000000000000
00000000000000000000
00000000000000000000
00000000000000000000
00000000000000000000
00000000000000000000
00000000000000000000
00000000000000000000
00000000000000001110
00000000000000000000
00000001000000000000
00000000000100000000
00000000001000010100
00000000000000000000
00000000000000000000
00000010000000010011
00101000110110010000
00011011010011000111
10111110110000111110
01111000111101100000
00000011111000000011
10011111011101100011
11110011011101100000
11110010111101100000
01110111010101000110
11000110001011001110
01101101101111001010
01101110000011100011
00110111010000010100
11110100110101100110
00000011010010011010
00000111011010101011
00000000000000000000
00000011000000000000
00000110010000000001
00000000000000000000
00000000000000000000
00000101000000000000
00000000000000000000
00000011000000000000
00000000000000000000
00000000000000000000
00000000000000010000
00000000000000000000
00000000000000000000
00000011000000000110
01110101010000010101
01011111000100100001
01001101101101011010
11010000001101111010
10101110111011111101
00000011110011101111
01000110011011001110
00010101110111101111
11110011111101100010
01101111010000100010
00011000000000011010
00010010111101000011
00110011101011010111
00000001111101000111
00010110000001010110
00000011100101111011
00000000000000000001
00000001000000000000
00000000000000000000
00000000000000000000
00000000000000000000
00000000000100010100
00000000000000010100
00000000000000000000
00000000000000000000
00000000000000000000
00000000000000000000
00000000000000000000
00000000000000000000
00000000000000000000
00000000000000000000
00000000000000000000
00000000000000000000
00000000000000000000
00000000000000000000
00000000000000100000
00000000000000000000
00000000000000000000
00000000000000000000
00000000000000000000
00000000000000000000
00000000000000000000
00000000000000000001
00000000000000000000
00000000000000000000
00000000000000000000
00000000000000000000
00000010111100010111
00000001110110111100
00000011101110101110
01110101110000111101
01110101101101100010
00000011111011111011
00000000000100010111
00000000000000000000
00000000000000000000
00000000000000000000
00000000000000010010
00000000000000000000
00000000000000000000
00000001000000000000
00000000000000000000
00000000000000000000
00000001000000000110
00000000000001010010
00000000000000010000
00000000000000000000
00000000000000000000
00000000000000000000
00000000000000000000
00000000000000000000
00000000000000000000
00000000000000000000
00000000000000000000
00000000000000000001
00000000000000000000
00000000000000000000
00000000000000000000
00000000000010101000
00100010000000000000
01011111010110100011
00000001010111111101
00000011110100110110
00000110111011111110
00000111011011111011
00000010010011101101
00000000111001101011
00010000000100000000
01101111111110011010
00000001111101110001
