00000000000000000000
00100010110100010111
00100010001011101010
00000000110000010010
00000000000000000010
00000000000000000000
00000001000000001000
01100100000100000101
10110000100101100110
10110010110111101110
11110010111110000111
00000101111110011111
00110010001111100011
10011010011111001111
00011110101010111110
10100000001010100011
00010101010100001000
00011100100000000000
01011100001001011111
01110011110000011110
01101110111000101100
01101010111010101010
10011100110000011001
00000101110000001011
00000000000000000000
00000000000000000000
00000000000000000010
00000000000000000000
00000000000000000000
00000000000000000010
00000000000000000000
00001101010000000000
10010101010000001010
10110101010000011011
10111110100001011010
10011111100000011011
00011010011111111101
00000000110110000011
00000000000000000000
00000000000000000000
00100101000100011110
01001010011010100011
11010001111111001100
00011001101100000110
11010100101101100000
01111111110000000101
01010010011100100011
01110101011001011111
01011110100000110000
11010111000000011011
11010111000000011011
01110110010000010110
10111101111010100101
00000011011010101000
11001000001110011010
10111101011010110001
11010001101110110100
10101111001101110101
11100110100111000000
10011010011001001001
00111100100010010111
10100101100111111101
00010110100000111001
10011111000000010001
10110011111010100011
01110110011010110011
00100100111111111101
00100111011101000111
11100000101011000010
10000101001101110100
00100010001010101100
00110011001010101000
00100010011010101000
00000010011010110010
01110001101011110001
01110111000001011111
11111010111011001101
00110011000111111100
10011001010110101100
10011011110111010100
10101010000011000011
00010001100000001000
00000100000000000010
00000000010000000000
00100010010011010011
01110111010000011110
11100010000000010001
11100111101100101111
10101110101010001011
01110010001101011110
11110010001010111111
10110110101010110011
11000000111010111000
01101010001100100010
11101001110111000000
01101110010100111111
00100010001010100010
00100011011010101000
00101010101010101100
10111110101010111110
11101111100000010111
00101101011100110110
00100011101010101110
10101010111010111111
11100100010011100011
10100111000101011100
11100010001010101010
00100010011010101000
11100011011010101110
00000011001010101010
00100011111010100010
11100111000000001101
11100010110000010101
11110010111001001110
11100111000000011110
01101011100000011101
01001010100000000100
00000011101010100000
00010100001010111000
01110111010011110001
10010101011010110001
00100010001010101000
00100111011011101010
10011100000100001001
01011010010101110001
00100101111101010111
10010011111110110110
11000101010111100101
00100010000011000000
10111100111010100111
10111110111011001010
01001110110001010100
00100100101101101101
11001101011111010001
01111011111010100000
11101001101111110000
01011100101010110010
01100010011010100000
00101010011011001010
00000010011010111000
01000110101010110010
00000000000000000010
00000000000000000000
00000000000000000000
00000000000000000000
00100000000000000110
00000000000000000000
00000000000000000000
00000000000000000000
00000001000000000010
00000000000000000000
00000000000000000000
00000000010000000000
00000000000000000010
00000000000000001000
00000000000000000000
00001001000000001010
00000000110000000001
00000000000000010010
00000000000000000010
00000000000000000000
00000000000000000000
00000000010000000000
00000000000000000000
00000000000000000000
00000000000000000000
00000000000000000010
00000000000000000010
00000000000000000000
00000000000000000000
00000000000000000000
00100000000000000010
00000000000000000000
00000000000000000000
00000000000000000010
00000000000000001000
00000000000000000000
00000000010000000010
00000000000000000000
11000011110000001011
01001001111010110000
11101110111010101011
11000000011010111110
00100110100111110111
00000110101001101101
11101101010101100111
00100000000000000011
11000011110000001011
10011111110000011010
11010110100000010101
11111010110000010101
00011100110000000000
00000000100000000001
00000000000000000000
00000001000000001001
00100001000000001000
00000000000000000000
00000000000000000000
00000000000000000000
00000000000000000000
00000000000000000001
00000000000000000000
00000000000000000000
00000000001010111000
00000111011011100100
01101111101001100010
10100111010011011000
11010000110011110110
10011110001000001001
10011111100000011011
01110111010000011011
00010101000000011011
00000001000000000000
00000000000000000000
00000000010000000000
00000000000000000010
00000000000000000000
00100001100100001110
11100101010111101000
01110011000000011111
11010010000000011011
01111111100000010101
11110000110111100100
01110010011111000011
10111000110110111111
00000111000111111111
00000110100111010111
11110110010110100110
10011101011101100000
00001001110000000011
00010000010001000001
00000100011011111110
01010011101100000000
10000011101001100011
01101010110000010100
10011100011100101001
11100101010111111011
01011001101110010100
00100010010000011000
10011011101011010111
01010101001010110001
11101000001110111010
01110101000011110001
11110111010000011010
10110101110000000011
00000000000000000000
00000000000000000000
00000000000000000000
00000000000000000000
00000000000000001000
00000000000000000000
00000101010000001010
00000001010000000000
00100000000000101100
00000000000000000000
00001000000000000000
00000000000000000000
00000000010000000000
00000000000000000000
00100000000000000000
10000000000000000000
00000000000000000001
00000000000000000000
00000001000000001000
11010110010000011011
10011111000000000001
00100010000010000010
00100010011010101010
10011000010100001001
01111000010111101011
10000011101100010011
01001100100111001110
00110000000110001110
01010011000011001101
11100011001011100000
11010000000011011111
01111010110010011010
10011111101010100101
00001011101010101001
01010001001101100010
11000111110000011101
01110011010001011011
01010000010111100100
10110111010011001000
00111101110100000010
00111101001110101010
11010011111010101101
01011111011010100011
10011101011010111000
10011000001100001001
11010000001111011111
00010101001011011001
00000010010110010110
11010000111101100000
00111110000000010101
11110011010000001111
11010011010000001011
10011111000000011011
00001110001110110111
11110101101001110001
11110111000000011111
11100011110100010011
01001110101101101101
01000101100000001111
00000000000000000010
01010101010011111001
00000101010000011000
11001011110000001000
00000111010000001001
10111110110000011101
01011010000000110111
11100011111011000100
00000000000000000000
00000000010000000000
00000000000000000000
00100001000000000010
00000000000000000000
00000000000000000000
00000000000000000000
00000000000000000000
00000000010000000010
00000001001000101010
00000000000000000000
00000001110000001010
00000000000000000000
00000000000000000000
00000000000000000000
00000000000000000010
11010111010000011011
11010111010000001111
01110001100000011110
11001100000111010010
10011000100111011100
01111000111111011010
01001101111111010101
00000111100111101101
11100110101111000010
01010110111100110010
00100111111101010101
00000101000101101101
10111100011101110000
11010101011111101101
11001110101010000111
01100001100011101000
10100001010010100101
11001100011100111010
11010011110101110100
10010101111010110010
01011100111010110110
11101001111111011001
10110100001100100011
10101011110001111111
01110110100000011100
01111111100000011100
00000011110011111011
00100010000010000010
01111100100000000101
11101111100000000101
01001100110011111111
01101101011110010101
00001011010111000001
11110010100101010100
00111111011000110000
11101000001111010001
10010111000000011011
10011000011111000110
00100011011010101000
11100011101010101000
11110110100110000010
00100111100100111111
00100100100001100011
10111111010111101001
11101101011111010001
11100110101010100010
01001001101010110000
10000010000000001010
00110101010000001011
10001101000111100010
00000000000000000001
00000001000000000000
00000001000000000010
00000000000000000001
00000001000000001010
00000000000000000000
00000000000000001000
00000000000000000000
00000000110000000011
11111001001001110111
01010001110100101100
11110100010011110011
10111001100000000011
00110011101101111110
00001110111101101111
01100110011010101110
00001001110000000010
00000000000000000000
00000000000000000010
00000000010000001000
00000000000000000000
00000000000000000000
00000001000000001000
00001001000000000000
00000000000000000000
00000000000000000000
00000000000000000000
00000000000000000000
00000000000000000000
00000000010000000000
00000000000000000000
00000000000000000000
00000000000000000010
00000000000000000010
00000000000000000000
00000101010000000000
00000000000000000000
00000000000000000000
00000000000000000010
00000000000000000000
00000100000000000000
00000000010000000000
00000000000000000000
00000000000000000000
00000000000000000000
00000000000000000000
00000000000000000000
00000000000000000010
11001000100001000000
10011001100101100110
11001010101001001001
10111100110100100111
00000111100111001101
10010110001001110011
01000101010111011101
01111000010110101110
10001100001101101100
00000101001010101000
01011101011010000101
10010101011010110011
10011101101010110111
00000000110000000011
00000000000000000000
00100000000000000000
00000000000000000010
00000000000000000000
00000000000000000000
00000000000000000000
00000000000000000000
00000001000000000000
00000000000000000000
00000000000000010010
00000000000000000000
00000000000000000000
00000000000000000000
00100000000000000010
00000001000000001010
00000000000000000000
00000000000000000000
00000000000000000000
00000001000000001010
00000000000000000000
10000000000000000000
00000000000000000010
00000000000000000000
00001000110000000011
00000000000000000010
00000100100000000000
00000100000000000100
00000000010000001010
00000000000000000000
00000000000000000000
00000000000000000000
00000000010000000000
00000000001010110000
00000001001001000010
00000000000000000000
00000000000000000000
00001000000000000000
00000001000000000000
00000001000000001000
00100000000000010000
00000001110000011010
00000000000000000010
00000011110000011010
11000111101101011011
10010011110010001101
01010111000000001111
01101010100000011100
01010111001011110101
11000000000011000110
00100100110100000111
01010101111010110111
00000000000010000000
00100000000000000010
00000000000000000000
00000000000000000000
00000000000000000000
00000000000000000000
00000000000000000000
00000000000000000000
00000000000000000000
00000000110000000000
00000000000000000000
00100000000000000010
00100000000000000010
00000000000000001000
00000001000000001010
00000000000000000000
00000000000000000000
00000000000000000000
00000001111000010010
00000001100110111001
01111011001101110001
11110101010111100001
11001100110101101100
10111010001011001111
11110011100111011100
10111011100001011111
11010101011011111110
11111000000111100000
10100101100100111111
00100110100101110101
00100111100101111101
00100111010011101001
00100100111110010011
00000010110110010011
00111000001110000111
11101000110000011100
11010110000000010011
10010101010000001000
00000111000000111000
01111101100000010110
01110110111110001100
01110001111111011001
10011010010100100001
11110000101101100000
10111011111111001110
00000110110111010101
10101100101101011011
00100000111011100010
11100110010001010110
01101111110000010100
10110100010000001001
11010101011010100111
11110110100001111010
10011000000101101010
01110101100111001000
00100110100100010110
10011000010101100100
00000000000000000000
00000000000000000000
00000000000000000000
00000000000000000010
00000000000000000010
00000000000000000010
01101000000000000110
11110010000000011111
11101101011100110111
00000100110000000011
00000000100000000011
00000000000000000010
00000000000000000000
00000000001000000000
00000000000000000010
00000001000000000000
00100100100000000001
11010011011101101110
01000001110111011011
00100111011101111100
00000111101111000111
11101110101010001110
00000010001010101010
00000101001010100100
10011001100101110110
10001010111011101011
00100000011000111110
10100001100011000001
00100111011010101000
00000111100110000111
00000110100111111111
00000110100101100111
00000111010111101101
00100111100100000111
00110110111110100100
10011101101010110001
10011101101010110001
10011001111010110101
10011011000110110101
11010101011010100001
00100010011011001000
01010011101010110000
00001001110000000011
00000000010000000000
10100000000000000001
00000000000000000000
00000000000000000000
00000000000000001000
00000000000000000010
00100001000000001000
00000000000000001010
00000001101000000010
10100111000011001000
11111011100000011101
11110111100000011100
11100101010100101110
11010000001011110111
10111100011010011011
00000100100000001011
00110000000000000001
10011111101000000011
00000000010000010010
00000000000000000000
00000000000000000000
00100000000000000000
00000000000000000000
01110101000000001110
11110000101010111011
01010001110101101111
00111101011000000011
11110111111011101010
00100010001010101000
01111111000110001000
11100010001010101101
01011100110110001000
01011101010001001111
01010101010000000010
00000000000000000000
00000000000000000000
00001001100000001011
10011100100000001011
00010001000000001010
00000000000000000000
00000000010000000000
00000000010000000000
00000000010000000000
00000000000000000010
00000000000000000000
00000000000000000000
00001000000000000010
00000000000000000000
00000100010000010010
00000011001000001000
11010011010000001111
11110011110000011110
11110011010000001111
11001101111010110000
01001100110111010110
10000001100101101001
10111111010110001010
10111111011010101001
00000001001010110000
00000000000000010000
00000000000000000000
00000000000000000000
00000000000000000010
00000000000000000000
00000000000000000000
00000000000100101010
00110101110000000001
01011001001010110111
11111100011010111011
10111110101011001011
00001110101010101111
00011100101010111111
10001001001000000000
00000000000000000000
00000000000000000000
00000001000000001000
00000000000000000000
00000000000000000000
00000000000000000000
00000000000000000010
00000000000000000000
00000000000000000000
00000000000000000000
00000000000000000000
00000000000000000000
00000000000000000000
00000000010000000000
00000000000000000000
00000000000000000000
00000000000000000000
00001001110000000010
00000000000000000010
00000000000000000000
00000001000000001010
00100000000000000011
00000000000000000000
00000000000000000000
10000000000000000000
00000000000000000010
00000000000000000000
00100000000000000000
00000000010000000000
00000000000000000000
00000001000000001010
00000000000000000010
00000000000000000000
00000000000000000000
00000000000000000010
00000000000000000000
00000000000000000010
00000000000000000010
00000000000000000000
00000000000000000000
00000000000000000000
00000000000000000010
00000001110000001011
00000000000000000000
00000000000000000000
10101000000010000110
00000000000000000000
00000000000000000010
00000000100010000010
00000000000000000000
00000000000000000000
00000000000000000000
00000000000000000010
00000000000000000000
00000000000000000000
00000000000000000000
00000000000000000000
00000000000000000000
00000000010000000000
00000000000000000010
00000000000000000000
00000000000000000000
00000001000000000010
00000000000000000000
00000000000000000000
00000000010000000010
00000000000000000000
00000000000000000000
10000000000000000000
00000000000000000000
00000000000000000010
00000000000000000000
00000000000000000000
00000000000000000000
00000000000000000000
00000001000000000010
00000001000000001000
00000000000000000000
00000000000000000000
00000000000000000000
00000000000000000000
00000001000000000010
10000010010000011000
01101111100000010100
00000000000000000000
00000000000000000000
00000001000000000010
00000000000000000000
00000000000000000010
00000000000000000000
00100000000000000000
00000000000000000000
00000000000000000000
00000001010000000010
00000001110000001010
00000000000000000010
00000000000000001000
00000000000000000000
00000000000000000000
00100010010000010000
00000000010000000000
00000000000000000000
00000000000000000000
00101000000000000000
00000000000000000000
00000000000000000010
00000000000000000000
00000000000000000010
00000000000000000000
00000000000000000011
00000000000000000000
00000000000000000000
00000000000000000000
00000000000000000010
00000000000000000000
00000000010000000010
00000000000000000000
00100000010000010000
00000000010000000000
00000000000000000000
00000000000000000000
00000000000000000010
00000000000000000010
00000000110000000000
00100000000000000000
00000000000000000000
00000000000000000000
00000000000000000000
00000000000000000010
00000000000000010000
00000000000000000000
00000000000000000010
00000000000000000000
00000000000000000000
00000000000000000010
00000000000000000000
00000000010001000010
00000000000000000000
00000100010000000000
00001001100000000001
00000000000000000010
00000000000000000000
00000001110000001010
00000000000000000000
00000000000000000000
00000001000000000000
00000001000000001011
00100000000000000000
00000000000000001100
00000000000000000000
00000000000000000000
00100000010000010001
00000111011111010101
10100011100010001001
11110011011010111001
10111000000110011100
00100010011010101010
11001010011010110110
11100100111010111100
11110001001011110001
11110001001000110111
00000101010110001100
10011011001111011000
00100110100111100110
00000111000111111101
00100100010000010000
11010111000000011011
01111101010000010111
00001101111011100101
10101011101110000001
10111111111000111110
10100110100011000011
10011010110000001011
10110101011010110001
11111010000111000010
10100100101100101101
00000110100110100111
00000110101101100111
00000110000010000010
00000000000000000010
00111000001001110101
01101111000000001111
11000101010111111011
01101101010111011001
10110110101011111000
00000001000000001000
11001111010110010000
01111001001010110101
00011100111010111110
10100001001010110100
11110010010000011111
11101010000000011100
11100111000000011111
00000001111010010000
00011101100000001000
11011111100000010110
11001101010011111000
11110001010101100010
11110111101100000100
00000000000000000000
00000000000000000000
00000000000000000000
00000001110000001000
00000001000000001010
00100000000000000000
00000001000000001000
10011000000101101100
10010110011000001101
10100010011011001010
00100010001010101000
00000010011010101010
01011101011111001100
01000010111100100100
10001100011001101100
01011100110000101100
00100110101101110101
01101110110000010110
11100011100000001100
11100111100000001110
01111111100000011100
01111110100000010100
11000000010011010000
01110100110110110100
10111010010011110110
11100010110000010100
00100011101010100010
11010001101010110111
01101110100000011111
11111110100000011101
01110110010010100101
01001110110110111010
11111111100000010011
00100110010000001110
11111110110000011110
01111101100010010000
01000000111010110000
00000000000000000000
00000001000000001000
00000000000000000000
10000000000000000000
00000000000000000000
00000000000000000000
00000001000000001000
00000001110000001010
00100010000000010010
00000000010000000001
00000000000000000000
00000000000000000010
00000001000000001010
00100000010000010000
00000000000000000000
00000000000000000000
00000000010000000000
00000000000000000000
00000001000000001000
00000000000000000000
00000000000000000000
00000000000000001000
00000000000000000010
00000000000000000000
00000001000000001000
00000001100000001011
00000000000000000000
00000000000000000000
00000000000000000000
00000000000000000000
00000000000000000000
00000000000000000000
00000000000000000000
00100010010000000000
00000000000000000010
00000000010000000010
00000000000000000000
00000000000000000000
00000000000000000000
00000000000000000000
00000000000000000010
00000000000000000010
00000000000000000000
00000000000000000000
00000000000000000000
00000000000000000010
00000000000000000000
00000000000000000000
00000000000000000000
00000000000000000000
00000001000000000000
00001000000000000000
00000000000000000000
00000000000000000001
01110111000000011110
01110110100100110110
10100101111100110101
10000011110000000011
00010101110000000011
01011101010000001111
10110111000000011101
11100110100100110001
10011010010101101100
11101101111001011110
01110000010011010001
01011001000011111101
11110101010110101000
11111110100000011100
01111011010101110011
10111111100011011001
00000010010000010010
00000010001001100101
00000011001001111000
10111111010000011010
01011010001100100011
10011100110100101001
11101010100000001101
11100001000000000111
00000000000000000000
00000000000000000000
00000000010000000010
00000001000000001010
00000000000000000010
01001000101010111011
00110001000011000001
00101110100010000101
00000001000000000000
00000001000000001000
10000000000000000000
00000000000000000000
00000000010011010010
11010111010000001001
00000100000000000000
00111001000110001100
11101000001010101111
01011101000111011110
10111001110101101011
11000110101101101110
10111110110000011011
10011110100000011001
