00000000000000000000
00000000000000000000
00000011000000010110
00000100110000000000
00000000000000000000
00000000000000000000
00000000000000000000
00000000000000011010
00000000000000000000
00000000000000000000
00000000000000000000
00000000010000000000
00000011010000000000
00000000000000000000
00000101010000010010
00000101000011100000
00000101010011100000
00000111100111100101
00000110100000000000
00000000000000000000
00000000000000000100
00000000000000010011
00000110100000000000
00000000000000000000
00000000000000000000
00000000000000000000
00000000000000000000
00000000000000010110
00000010010000010110
00000000000000010111
00000000000000000000
00000000000000010101
00000000000000010110
10101000000000000000
00000000000000000000
00000000000000011011
00000110000000000000
00000000000000000000
00000000000000000000
00000000000000000000
00000000000000000000
00000000000000000000
00000000000000000000
00101000000000000000
00000000000000000000
00000000000000000000
00000000000000000000
00000000000000010011
00000000000000000000
00000000000000000000
00000000000000000000
00000010000000000000
00000110100000001110
00000000000000000000
00100011010000000000
01111001110000000000
00000011010000000000
00000000001110000000
00000000000000000000
00000000000000000000
00000000000000000000
00000000000000000000
11001000000000000000
11011000000000001111
11011000000000011110
00000000000000010101
00000000000000001101
00000000000000000111
00000000000000000000
00000000000000000000
00000000000000000000
00000000001010100000
00000000001010100110
00000000000000000010
00000000000000011110
00000000000000000000
00000000000000011011
00000000000000000000
00000000000000000011
00000000000000001111
00000000000000000000
00000000000000000000
00000000000000000000
00000000100000011101
00000000000000000000
00000000000000000000
00000000000000000000
00000000000000000000
00000000000000000000
00000000000000000000
00000010100000000000
00000000000000000000
00000011010000000000
00000000000000000000
00000000000000000000
00000011010000000000
00000000000000000000
00000000000000000000
00000000000000000000
00000000000000000000
00000000000000000000
00000000000000000000
00000000000000000000
00000000000000010000
00000000110000000000
00000101100000000000
00000000000000000000
00000101010000000000
00000010110000000000
00000101010000010110
00000101010000010010
00000110100000001110
00000101010000011110
00000011100000001101
00000100000000000000
00000000000000000000
00000000000000000000
00000000000000000000
00000000000000000000
00000000000000000000
00000000000000000111
00000000000000011101
00000000000101000000
00000000000000000000
00000000000000000000
00000000000000000000
00000000000000000000
00000101010000000000
00000110110000000000
00000000000000000000
00000000000000000000
00000000000000000000
00000000000000001011
00000000000000000000
00000000000000000000
00000000001000011100
00000000000000000010
00101000100000011101
10111000000000010110
01011000000000000001
00000000000000000111
00000000000000000010
00000000000000010101
00000000000000000000
00000000000000000000
00000000000000000000
10011000000000000000
11001000000000000000
00000000000000000000
00000010000000000000
00000011010000000000
01111111000000000101
01101000000000000000
10110000000000000000
00000000000000000000
00000000000000000000
00000000000000000000
00000000000000000000
00000000000000000000
00000000000000000000
00000000000000000011
00000000000000011011
00000000000000000000
00000000000000000000
00000011010000010010
00000111000000011100
10011000000000001111
11110000000000001100
00000000000000000110
00000000000000010111
00000000000000000000
00000000000000000110
00000000000000001101
00000000000000011100
00000000000000000111
00000000000000010010
00000000000000010011
00000000000000000000
00000000000000000111
00000010000000000000
00000100010000000000
00000000000000000000
11000000000000000000
00000000000000000000
00000000000000000000
00000000000000000111
00000000001010110111
00000000000000010010
00000000000000000000
00000110010000000000
00000110110000000000
00100110100000000000
00000011010011100000
00000000110011100000
11100000000001100000
01101111100000100000
01111110100000000000
01001111000000000000
00000111010000010011
00000000000000001111
00000000000000010111
00000100010000000111
00000101100000011010
00000000000000000000
00000100110000000000
00000001000000000000
00000000000000001011
00000000000000000000
00000000000000000000
01101000000000000000
00000000000000000000
00000000000000010111
00000000000000010011
00000000000000000000
00000000000000000000
00000000000000000000
00000110100000000000
00000101100000000000
00000110000000000000
00000111010000000000
00000011010000000000
00000110100000011100
00000000000000000000
00000000000000000000
00000000000000000000
00000000000000000000
00000111100000000000
00000101110000000000
00000000000000000000
00000000000000000000
00000000000000000000
01101000000000000000
00001000000000000000
10000010010000001101
00000000000000011011
00000000000000010011
00000010000000000000
00000100010000000111
00000110100000000000
00000000000000000000
00000000000000000000
00000000000000000000
00000000000000001011
00000111010000000111
00000101100000011101
00000000000000000111
11010000000000011010
10111000000000011001
00000000000000000100
00000000000000000000
00000111000000000000
00000000000000000000
00000010000000000000
00000000001110000000
00000000000000000010
00000100010000000000
00000100010000000000
00000000000000000000
00000010000000000000
00000000000000000000
00000000000000001110
00000000000000010010
00000000000000011011
00000101010000000001
00000010010000000000
00000011110000000000
00000000000000000000
00000000000000000000
00000000000000000000
00000000000000000000
00000011100000000000
00000000000000000000
00000000000000000000
00000011110000000000
00000000000000000000
00000000000000000000
00000000000000000000
00000000000000000000
00000000000000000011
00000000000000000101
00000110010000000000
00000111000000000000
00000010110000000000
00000000000000000000
00000000000000000000
00000000000000000000
00000000000000000000
00000000000000000000
00000000000000000000
00000000000000000000
00000000000000000000
00000000000000000000
00000000000111010000
00000000001101011001
00000000000100110011
00000000000000000111
00000000000000000000
00000000000000000000
00000000000000000000
00000000000000000000
00000000000000000000
00000000000000000000
00000000000000000000
00000110100000000000
00000010100000000000
00000100100000011101
00000001010000010111
00000001110000010101
11011000000000001011
01110000000000011010
11101000000000010011
10111110100000000000
10011011010000011010
00000011010000001011
00000011011001000000
00000000001110010101
00000000001010100111
00000000000110100000
00000000000000000000
00000000000000000000
00000011110000010011
00011000000000000000
00000000000000010110
00000000000000011110
00000000000000000000
00000000000000000000
11010000000000000000
11011000000000000000
11001000000000000000
10000000000000000000
00000000000000000000
00000000000000011010
00000000000000011110
00000000000000001011
00000010010000011110
00000011100000011010
00000000000000000110
00000000000000010111
00000000000000000111
00000101100000011101
00000011000000011110
00000101100000000000
00000000000000000000
00000000000000010011
00000100010000001011
00000011100000001001
00000000000000000100
00000000000000000101
00000000000000011101
00000000000000010000
00000000000000000000
00000000000000000000
00000000000000000000
00000000000000000000
00000000000000000000
00000000000000011100
00000000000000000011
00010000000000011010
00000000000000000000
10000000000000000000
01111000000000000000
11101000000000010000
01010110010000000000
11001011010000000000
10100000000000000000
00000000000000000000
00000000000000000000
00000000000000000000
00000000000000000000
00000000000000000000
00000110110000000000
00000011010000000001
00000111010000011101
00000101000000000110
00000000000000011110
00000000000000000000
00000000000000000000
00000000000000000000
00000000000000000000
00000000000000000000
01111000000111100000
01100000001011010011
11100000000011010010
01111000000111111101
01010010111101010110
00111000000000000111
00000000000000001011
00000000000000001011
00000000000000001110
00000000000000000000
00000000000000000000
00000000000000000000
00000000000000000000
00000000000000000000
00000000000000001101
00000010010000010111
00000110010000001010
00000000000000001111
00000000000000001101
00000000000000011011
01000000000000000101
00000000000000010011
00000101110000011011
00000101010000000111
00000111010000010101
00000000000000011110
00000000000000001110
00000001100000011010
00000000000000000000
00000000000000000000
00000110000000000000
00000001100000000101
00000010000000000000
00000110010000000000
00000000000000000000
00000000000000000000
00000000000000000000
00000110010000011110
00000000001101110110
00000000001100000110
00000000000000000000
00000000001100000000
00000000001110000000
00000000001101010111
00000000001010110000
00000000001110001101
00000000001011100000
00000000000101100000
00000000001111000000
00000000000110100000
00000000001110000000
00000000000000000000
00000000000010000000
00000000000000000000
00000000000000000000
00000000000000000000
00000000000000000000
00000000000000000000
00000000000000000000
00000000000000000000
00000000000000000000
00000000000000000000
00000010000000000000
00000011110000000000
00000110000000000000
00000110000000000000
00000000000000000000
00000000000000000000
00000010000000001011
00000000000000000000
00000000000000000000
00000000100000000000
11010110100000000000
11010101110000010100
11100101110000001011
00010111010000000000
00000000110000011101
00000000111100101000
00000001110101101101
00000011000000011110
00000000000000001000
00000000000000000000
00000000000000000000
00000000000000000000
00000000000000000000
00000000000000000000
00000000000000000000
00000000000000000000
00000000000000000000
00000000000000000000
00000000000000001001
00000000000000000000
00000000000000000000
00000000000000000000
00000000000000000000
00000000000000000000
00000000000000000000
00000000000000000000
00000000000000000000
00000101100000000000
00000011010000000000
00000101000000010010
00000010010000000000
00000000000000000000
00000000000000000000
00000000000000000111
00000000000000011100
00000000000000000000
00000110010000000000
00000110110000000000
00000000000000000000
00000000000000000000
00000000000000000000
00000000000000000000
00000000000000000000
00000000000000000000
00000000000000000000
00000001100000010000
00000000000000010000
00000000000000000000
00000000000000000000
00000000000000000000
00000000000000000000
00000000000000000000
00000000000000010111
00000000000000001010
00000000000000010011
00000000000000011000
00000000000000001011
00000010000000000000
00000000001010100000
00000000001110000000
00000000000111111100
00000000001010100001
00000000001100110010
00000010011010111110
00000010100000000000
00000010000000000000
00000000000000000000
00000000000000011101
00000000000000011110
00000000000000011010
00000000000000010001
00000000000000001011
00000000000000001011
00000110100000001011
00000101110000001010
00000100110000000000
00000110100000011101
00000000000000000110
00000110010000011001
00000111010000011110
00000011010000001100
00000101000000010010
00000100010000000000
00000000000011000000
00000000000000000000
00000000000000000000
00000000000000000000
00000000000000000000
00000000000000000000
00000000000000000000
00000000000000001110
00000000000000000000
00000000000000000000
00000010000000001100
00000000001101000000
00000110111011100000
00000101111101001011
00000000001111011100
00000000001110100100
00000000001000101110
00000000000000001101
00000111011011001111
00000011111011000000
00000111001010100000
00000111000000011010
00000110100000011101
00000001100000011101
00000000100000010110
00000000000000010000
00000000000000000000
00000000000000000000
00000000000000000000
00000000000000000000
00000000000000000000
00000000001100100000
00000111001011100000
00000010000101100000
00000000110110100100
00000000001010100000
00000000001110100000
00000010010010100000
00000000001010000000
00000000001110100000
00000000001110101101
00000000000000010001
00000000000000000010
00000000000000000000
00000000000000000000
00000110000000010111
00000110100000010011
00000000000000010101
00000010000000000000
00000010000000010000
00000011100000010101
00000000000000001011
00000000000000001111
00000110100000001011
00000000000000000000
00000000000000000000
00000000000000000001
00000101000000000110
00000111000000011010
00000011111110111110
00000011111110101001
00000011011111000111
00000101100000010011
00000000000000000000
00000111000000010100
00000000000000000000
00000000000000000000
00000000000000000000
00000000000000000000
00000000000000000000
00000000000000000000
00000000000000000000
00000000000000000000
00000000000000000000
00000010000000000000
00000001000000000000
00000000000000000000
00000000000000000000
00000000000000011101
00000000000000000000
00000000000000000000
00000000000000000000
00000000000000000000
00000000000000000000
11100000000000000000
00000000000000010100
00000000000000000100
00000000000000000000
00000000000000001001
00000000000000001111
00000000000000010010
00000000000000000000
00000000001010100000
00000000000111110010
00000000000000001011
00000000000000000000
00000000000000000000
00000100001110100000
00000010001010100000
00000000001010100000
00000110100000000000
00000101000000000000
01010101010000000111
11001001110000000101
11011011010000011100
01101101000000000000
01001000000000000000
10111000000101111100
00101000000001110101
00001000000000001011
00000000000000000000
00000000000000000000
00000000000000000000
00000000000000000000
00000000000000011100
00000011010000000000
10010111110001000000
10101000001111000000
11001000000000100000
11101000000000000000
00000010000000000110
00000000000000000000
00000000000000010111
00000011000000011001
00000000000000010110
00000000000000011000
00000000000000011110
00000000000000010011
00000000000000000000
00000000010000000000
00000001010000000000
00000000000000011101
00000000000000001011
00000000001100100000
00000000001100100000
00000000001010100000
00000000000000010110
00000000000000000000
00000000000000000000
00000010000000000000
11000000000000000000
00000000000000000000
00000100110000011100
00000010000000000110
00000001110000011110
00000010000000010111
00000000000000000000
00000100100000011100
00000000000000001011
00000000000000000101
00000000000000000000
00000000000000000000
00000000000000000000
00000000000000000000
00000000000000011110
00000000000000000011
00000000000000000000
00000000000000000000
00000000000000000000
00000000000000000000
00000010110000000000
00000000000000000000
00000000000000000000
00000000000000000000
00000000000000000000
00000000000000000000
00000000000000010000
00000000000000000000
00000100010000000000
00000000000000000000
00000000000000000000
00000000000000000000
00000000000000000000
00000000000000011100
00000000000000001011
00000000000000000000
00000000000000000000
00000000000000000100
00000010010000000000
00000101101011100000
00000001110011100000
00000000001110000000
00000000001110000000
00000000001000100000
00000000001110001011
00000011110111001101
00000000001101110111
00000000000000000001
00000000000000000000
00000000000000011110
00000110010000010011
00000110110000001100
00000000000000000000
00000000000000000000
00000000000000000000
00000111010000000000
00000000000000000000
00000000000000000000
00000000000000000000
00000000000000000000
00000000000000000000
00000000000000000000
00000000110000000000
00000000000000000101
00000000000000000001
00000000000000000011
00000000000000000000
00000000000000000000
00000000000000000000
00000000000000000000
00000000001101000000
00000001100101100000
11001111010010000000
00000101010111000000
00000010001000100000
00000111001101011001
00000111001111010110
10101001000111000000
10111110101110100000
11101001010111000000
01001000001000100000
00000000001110100000
01101000001110100000
11110011101001100000
11011000001110000000
00000000001100100000
00000011010100100100
00000101111001000000
00000101000111110101
00000001101011101011
00000000000110100100
00000000000011110010
00000000000000000000
00000000000000000000
00000000000100000000
00000000000000000000
00000000000000000000
11101000000000000000
10001000000000000000
11000000000000000000
00000000000000000000
00000000000000000000
00000000000000000000
00000000000000000000
00000000000000000000
00000000000000000000
00000000000000000000
00000000000000000000
00000000000000001010
00000000000000000000
00000000000000000101
00000000000000000000
00000000000000000000
00000000000000000000
00000000000000000110
00000000000000010101
00000000000000000110
00000000000000000100
00000000000000000000
00000000000000000000
00000000000000000000
00000000000000000000
00000000000000000000
00000000000000000000
00000010010000000000
00000101010000000000
00000110100000001101
00000111010000000101
00000010010000001111
00000110100000001110
00000001110000010011
00000101010000010000
00000100111110011001
00000111100111011101
00000110100111110011
00000101101110101110
00000001101001101110
00000101010111000000
00000001101101100000
00000100010000000000
00000110100000000000
00000101110011001000
00000101010000000001
00000101000000000000
00000000000000000000
00000000000000010101
00000000000000000000
00000000000000000000
00000000000000001011
00000000000000000000
00000101010000000000
00000111010000000000
00000100010000000000
00000100000000000110
10111101000000011110
00110000000000001101
01101110100000011100
10110011110000010000
00001010110000001111
00000000000000000000
00000101010000010000
00000000000000000000
00000000000000000000
00000000000000010000
00000000000000000000
00000000000000000000
00000000000000000111
00000000000000000101
00000000000000000000
00000000000000001011
00000000000000001011
00000000000000010011
00000000000000000000
00000000001110000000
00000010000000000000
00000000111010011010
00000111000000010111
00000011111110001011
00000110101101000011
00000111011001101010
00000101011001101111
00000001110111111011
11100011010000011011
01110000000000001011
00000000000000001101
00000000000000000010
00000000000010100000
00000000001110100000
00000000001111000000
00000000000110100000
00000000000000011010
00000000000000011100
00000000000000011001
00000000000000000000
00000000000000100000
00000000000000000000
00000000000000000000
00000000000000000000
00101000000000000000
11011000000000000000
00000000000000001011
00000000000000011110
00000000000000000000
00000000000000000000
00000000000000000000
00000000000000000000
00000000000000000000
00000000000000011010
00000000000000001011
00000000000000000000
00000000000000000000
00000000000000000000
00000000000000000000
00000000000000000000
00000000000000000000
00000000000000000000
00000000000000000000
00000000000000000000
00000000000000000000
00000000000000000000
00000000000000000000
00000110000000000000
00000100010000001000
00000110100000000110
00000000000010000000
00000000000000000000
00000100000000000000
00000000000000000000
00000000000000000111
00000000000000010110
00000000000000000000
00000000000000000000
00000000000000000000
00000000000000000000
00000000000000000000
11101000000000000000
00000100000000000000
00000011100000000000
00000000000000000000
00000000000000011001
00000110010000010011
11011010110000000000
00111000000000000000
00000000000000000000
00000000000000000000
00000000000000000000
00000000000000000000
00000000000000000000
00000000000000000100
00000000000000000000
00000000000000000000
00000000000000000000
00000000000000000000
00000000000000000000
00000000000000010111
00000000000000010011
00000000000000000000
00000000000000000000
00000000000000000000
00000000000000011110
00000000110000001110
00000011010000011110
00010010010000000000
00000000000000000000
00000001100111011110
00000101101101000111
01110001111010110110
00000110101101011101
00000111101011001101
11100111101010100000
10011001110000000000
11101010000111010011
10101000110110000101
01110101101100111011
00000000000000001001
00000000000000000111
00000000000000001111
00000000000000000110
00000000000000000000
00000000000000000000
00000000000000000000
00000000001011100000
00000000001010100000
00000000001110100000
00000000000000011110
00000000000000001110
00000000000000011010
00000000000000000100
00000000001101100000
00000100011100000000
00000000001111000000
00000111101000000000
00000011011100100000
00000000000000000000
00000000000000010000
00000000000000010110
00000000000000000000
00000000000000000000
00000000000000000000
00000000000000000000
00000000000000000000
00000000000000000000
00000000000000000000
00000000000000000000
00000000000000000000
00000000000000000110
00000011110000011100
00000110000000000000
00000100110000000000
00000110100000001110
00000011010000000101
00000000000000000111
00000000000000001101
00000000000000011101
00000000000000001011
00000000000000001110
00000000000000001011
00000000000000010101
00000010000000000111
00000000000000000000
00000000000000000111
00000000000000000000
00000000000000000000
00000000010000000101
00000000000000011010
