00000000000000000000
00000000000000000100
00000000000000000000
00000000000000000000
00000000100000000000
00000000000000000000
00000000100000000000
00000000000000000000
00000000100100000000
00000000100000000000
00000000000000000000
00000010000000000010
00000000000000000100
00000000100000000000
00000000100000000100
00000000100000000000
00000000000000000000
00000000000000000000
00000000100100000000
01100001000010000000
00000010100100100000
00010000010000000011
11111011101110011111
00001010011000100011
10000000011100000010
01000000100010000010
00000000100010000000
00000000000000000100
00000000000000000000
00000000100000000000
00000000100000000000
00000000100000000000
00000000100000000000
00001000100000000000
00000000000000000000
00000000000000000000
00000000100000000000
00000000000000000000
00000000100000000000
00000000100000000000
00000000000000000000
00000000100000000000
00000000000000000000
00000000100000000000
01000010000000000000
00000000000000000000
00000000100000000000
00000000110110000000
00000000000000000000
00000000000000000000
00000000100000000000
00000000100000000000
00001000100000000000
01000000110110000000
11111010001110111011
11111010100111011101
10110010111011011101
11110011101000100101
00001101010010011100
11001111100110011101
00000111111110111110
00000111111110101111
00011011111001111101
00010011011011111111
11110000001111101101
11011000101010100111
10001001110011111100
11110100010101001110
10110101110101100001
01111110101110011010
10101101111101010000
10011111000111100100
10110001001100010111
11010111010010011111
11110101110000010000
00110110001100111010
11000101110100111011
00010101101110111101
01110001111110100101
11001100100111100111
10101110111000101011
11011110000011000001
11011111110101010100
10101100011111011011
11110011011011001101
11010111010110011111
10011101001001100000
11000101000111011111
00011001110110111100
00011101110010101111
00000001000010000000
00000000100000000000
00000000100000000000
00000000100100000100
00000000100000000000
00000000100000000000
00000000000000000000
00000000000000000000
00000000100100000000
00000000000100000000
00000000100000000000
00001000000000000000
00000000000000000000
00000000100100000000
00000000100000000000
00000000000010000000
00000000100000000100
00000000000000000000
00000000100000000000
00000000100000000000
00000000000000000000
00000000010000000000
00000000100010000000
00000000000000000000
00000111011111011110
01010010010010101011
01111111001100011000
00010101001110111100
01111000101110110101
00010110011010101100
10001110100111110101
00001101000111110101
10001011010101111010
00100010010011111000
00111010011010001101
00100011100101111011
01010010111110110001
00000111001111111111
00010111111110110001
01001111000001001001
11111111010000001010
10101011010000001100
10100100111001010100
10001011010101011000
01010011001100110101
00000000100010000000
00000000000000000000
00000000000000000000
01100000000010010000
00000000000000000000
00000000100000000000
00000000000000000000
01000000000000000000
00000000100000000000
00000000100100000000
11000000010100100010
00101011100110100110
11011100100011100111
00010100110101000100
00001110111010100111
01110100110110010011
01010001110111010011
00000000100000000010
00000000100000000000
00000000100000000000
00000000100000000000
00000000100000000000
00000000100000000000
00000000100100000000
00000000100000000000
01010000000001000010
00000000000000000000
00000000000000000000
00000000000000000000
00000000000000000000
00000010000000000000
00000000000000000000
00010000000000000110
00010111101111111000
10010010111101001100
10101010110110110010
00001000100000010100
00101001100111010110
01010111101101001111
01100011011000010111
01101110010010001101
10011010000100001110
11110101110000011010
10010011010110100001
10101010110011011110
00011000111100010001
00110100111100010000
11100101011110010111
11010000001101101001
11011001011001010000
10111000100011011110
10110101001001000100
10000000010001001000
00111101010101110001
10010010001101111100
11000111100110111101
10001110001100100011
01110011111110110001
00010010010000000011
00101011100101001000
10011101011011100000
11000110100001100111
10000100001111110101
11101101111001100010
11001110000011100101
01100100010110111111
00000001010100100111
10000010100010100000
10101100100110001101
00000000000000000000
00000000100000000000
00000000000000000000
00000000000000000000
00000000000000000000
00000000100000000000
00000000000000000000
00000000100000000000
00000000000000000000
00000000000000000000
00000000100000000000
00000000000000000000
00000000000000000000
00000000000000000000
00000010100100000000
01000000000000000000
10110001000111101101
11100010001111101010
10101100111000000000
11010110001111100100
00001110110010001111
00111101011111110000
10101101100010101101
01110111100001000011
01011111010000011011
10010100001111010001
11110000101010111111
10011010000101011111
11010001000101101011
00110101011100111001
01000100000001000100
01111111001101001010
00101110011000101111
01011110110101100111
01100110001100111011
11110000101111101101
01010110011001000001
01111111011001001000
11111101101001100000
10011001001101011101
01100011001000000100
00000000000000000000
00000000000000000000
00000000011000000001
00000000000000000000
00000000100000000001
00100000100010000000
00000000100100000000
00000000100100000000
00000000000000000000
00000000100000000000
00000000000010000000
01000000000100110000
00001011111101110011
01111010011110011101
01111010111110110111
11001110000011100101
11000101110010011101
11111010001111111001
11010010111001101001
11101010000011011101
11001101100111101111
10011100101010000000
11110111110000000011
01011111110100111101
00001000000100100001
00000000000000000000
00000000100000000000
00000000100000000000
00000000100000000000
00000000100000000000
00000000100000000000
00001000100000100000
00000000000000000000
00000000100000000000
00000000100000000000
00000000000000000010
10101010110000101010
11111001001010110111
00000001111101111101
00000111111010111111
00001000000000000000
00000000100100000000
00000000100000000000
00000000000000000000
00000000100000000000
00000000000000000000
00000000000000000000
00000000100000000000
00000010000100000000
01101010111110111110
00000011100101111010
11100000100110000110
00110110001110111100
01010110101100111100
11101111100111100001
10000111100010010111
10011010110000001011
01011111010110011100
11011101010100010110
00110001100010000100
10100110001100001110
10100001000100100010
11000011100001011000
10011111010111100110
11010100001101010001
10011000101011010001
10110100011111010000
01111111011001001010
10001110010110011111
11110101001100010000
10110001010000000110
01110101000000010011
11111111010000000011
10010100001011000000
10010100011111100100
00010100110011000011
11011010111001011001
01101000000010000010
10100100101011010000
10110100011011010000
11010101010101010011
01001000111111100010
11001100010000100111
10000010110101000010
01101101100000110110
00000000000000010000
01000000110111000010
01101000000111110110
00000000100000000000
00000000000000000000
00000000100000000000
00000000000000000000
00000000100000000000
00000000000100000000
00000000100000000000
00000000100000000000
00000001000000000000
00001000100000000000
01010001010010000001
11111101011001100000
10000010011000000110
00101011100111110010
10000010010101100010
10000011110001101000
10100011111010100011
10011111000110011111
10110100101110011000
11110111110000011011
10001101110011110100
10011101110010110000
11100011011110101110
01011010011000100001
00101100011110001001
10001110000011011101
10111100100111100111
11000100111011010101
01111010010110110101
11000001011110000111
10000100011001010000
11101101000100101111
01111110010010011101
01101000001011111110
00001010000000000110
00000000100000000000
00000000000000000000
00001100110110000001
00100111101101111011
00101010000101011100
01011000000001100010
10110101011001000000
10010100011011010010
10010001100101101011
11110000001111101101
01110001101101101101
11101100010110101111
01011100110101000110
01000100110100111101
11111110011101100000
11111111011101100000
01111111111101100000
00010010010000110011
01010100010100010011
01101001011110110011
00000000000010000000
00000000110000000000
00000000100100000000
10100011000100100110
01111101001001000010
10110110011101100000
00000000100000000000
00000000000100000000
00000000000000000000
00000000000000000000
00100000000000010000
01100000100010000010
00000000000000000000
00000000000000000000
00000000100000000000
00000000100000000000
00000000000000000000
00010000100000000000
00001000100100000000
10111010100101011111
10010000110001101000
11110000101110101100
00001100100111000101
11101011010011111000
01100000100010100110
00000011001000100001
00101110111010011101
00001000011110000101
00000000000000000000
00000000000000000000
00000000000100000000
00000000000000000000
00000000100000000000
00000000000000000000
00000000100000000000
00000000100000000000
00000000000000000000
00000000000000000000
00000000000000000000
00100000100010000000
00000000000000000000
00000000000010000000
00000000000000000000
01100000100010101100
01000111000011001101
11001111000110011101
01001100000001111111
00010000100100000010
00000000000000000000
00000000000000000000
00001000000000000000
00000000100000000000
00000000000000000000
00000000000000000000
00000000000000000000
00001000100000000000
00001000100000000000
00000000100100000000
00101000000000000000
00000000100100000000
00000000000000000000
00000000100100000000
00000000100000000000
00000000100000000000
00000000100000000010
00000000000000000000
00000000100000000000
00000000000000000000
00000000100000000000
00000000000100000000
00000000000000000000
00000000100000000000
00000000000100000000
00000000000000000000
00000010100100000100
00001010100000110001
00001000000000000100
00001000010000100100
00100000000010000000
11000001000110101010
11011110101001100000
11011110101011100001
01011111101011111010
00000000110011000000
00101000000000000000
00000000100000000010
00000000000000000000
00000000100100000000
00000000000000000000
00100000000010000000
00000000100000000000
00000000100000000000
00000000100100000000
00000000100000000000
00000000010000000000
00000000000000000000
00000000100000000000
00000000100000000000
00000000100000000000
00000000000000000000
00000000000000000000
00100001100010000100
00000000000000000000
00000000000000000000
00000000100000000000
00000000100000000000
00000000100000000000
00100000000010000000
00101001000000000100
00000000000000000000
00000000000000000000
00000000010000000000
00000000000000000000
00000000100000000000
00001000000000000000
00000000100000000000
00000000100000000000
00000000100000000000
00000000100000000000
00000000000000000000
00000000100000000000
00000000100000000000
00000000100100000000
00000000000000000000
00000000000000000000
00000000100000000000
00000000100000000000
00000000100000000000
00000000100000000000
00100000110010000000
00000000000000000000
00000000100000000000
00000000000000000000
00000000000000000000
00000000000000000000
00000000000000000000
00000000100100000000
00000000000000000000
00000000000000000000
00000100010010001100
01111111101001001010
11111111010000101001
10101001110111111100
10101111000010110111
01110001111111000111
01110011101100000110
10101011110001011100
10001011100111011100
11110000101110111111
11110000101111101101
11110000001111101101
10000000111001101100
00001110110100110111
10110100101111000000
10001110011101100110
11001011100011011101
10001000011001111100
00000000100100000000
00000000100000000000
00000000100000000000
00000000000000000000
00000000100100000000
00001010000100001100
10100001011000100101
01011101101100111100
00111100101100011000
11011100011011000010
00110011001000101010
00000000100100000010
01000000000000000000
00000000000000000000
00000000100000000000
00000000100000000000
01000000000000000000
00000000100000000000
00000000000000000000
00000000100100000000
00000000100000000000
00000000100000000000
00000000100000000000
00000000000000000000
00000000100000000000
00000000000000000000
00000000100000000000
00000000100000000000
00000000100000000000
00000000100000000000
00000000000000000000
00000000000000000000
00000000100000000000
00000000000000000000
00000000110100000000
00000000000000000000
00000000100100000000
00000000010000000001
00000000000100000010
00000010110100100010
10000011001100101110
10000100111001000000
11010111110000111011
11010100111000010010
01110111101100111000
01110100000010111110
00100000000001010100
00000000100000000000
10100011100100101010
01110010010010000101
01000110101111001100
10011110101010011011
11110100101000011000
10100010011110000110
00011000110111010000
10011010010001011111
11111000011101011101
00010010110101000101
00111011001101011100
10101111111101100111
01101011111100011010
01001100110110100110
01011110010001100101
11110101001111101101
11111111011101100000
11111111111101100000
11110111010101000000
11001100101011000001
01111011111110110101
01110011001110000101
00000010111111110110
10000010010100101000
11111101001011000000
01101101100001000111
10111010110110000110
01001100000100110111
00101000000000011000
00000111111010111011
01010110101100111100
01010000010011000010
11101000011011110000
00110000011011001111
10111000001111111101
11111010001011011101
11011001001101011001
10000100001111010001
00000001111101111011
11001010100011011000
10000100111011010100
10000011110110100010
10100011000000101010
00110001111000101111
00000000100000000000
00000000000000000000
00000000100100000000
00000000000000000000
00100000010110000000
00000000100000000000
00011111101110001100
00001010000100000010
00000010100100000010
00000000100000000000
00000000000000000000
00000000100000000000
00000000000000000000
00000000000000000000
00000000000000000000
00000000100000000000
00100000100000000000
00000000000100000010
00000000100000000000
00000000000000000000
00000000000000000000
00000000000000000000
00000000100000000000
01000000100000000000
00000000000000000100
00000000000000000000
00000000000000000000
00000000100000000000
00000000000000000000
10001110101000100001
00111101111111000000
11111110101101100001
01001101010111000111
00000000100100000000
00000000000000000000
00000000000000000000
00000000000000000000
00000000100100000000
00010000110100000000
11100000011101111111
10001100111100000011
10111011110110110010
01011010110100110001
11110110011111100000
11000000110001101000
10111011010000011111
10011100100111100101
01001011101101111110
01011101110001001110
10111111010101100100
00000010110001110010
10110110110011011110
01001001100100010010
01000110000010010101
01001100110010111111
01101100000100011001
10001100111011001000
00001001011001011000
00000000000000000000
00000000000010000000
00100000110010000000
10111101001101000011
10111111001110100010
01111000000010000110
10111010010100011110
00011110100111100110
11010110011101100000
10000011100101011001
10111011110100101100
10000111001110101110
01111110101100111000
00001011001000100010
10011110001000000110
11110111110101100100
00111111111001101000
11000111111110011110
10001011010100100010
01110101110001000010
00001001000000110000
00000000000000000000
00000000000000000000
00000000000000000000
00000000000000000000
00000000100000000000
00000000100010000000
00000000100100000000
00000000000000000000
00000000100000000000
00000000010100000001
01000000100000000000
01000000000100000000
00000000100000000000
00000000000000000000
00000010000100100000
10111100001110010101
00000101011011111001
00010011101011101110
11110101101010010010
00111100110110111100
11110101110000010010
10111001100010110110
00010000100101110100
11001110000111001101
01111001101101000011
10000001111000000100
00001111111101011110
10000101101011010100
11010000110001101000
11001110010101100100
00011111001111001000
00101001000110000000
01111011001010110101
00011111101101111000
00000000100000000000
01110100010000111011
01000100100100111001
10111100101011000010
01111101001001000000
11111111110101100100
10111110011111100010
01001011100111001100
00110100101110111100
01011100000100111111
11100111000001100011
01101010011110100010
11011110110101000101
00000000100000000000
00010000010100000000
01001010011101110011
01010010101010000100
00001010001100000110
10110010001010000011
01111100110000111100
10000000110001011000
10011101010110011110
01100000011110000001
01001111000110011101
11011110000101100100
11011011110000011011
11001110010111000100
11110000101111101101
11111000101111101101
10011001110111110001
00000000110000000000
00000000100000100000
00001001000000000000
00000000000100000000
00000000000000000000
00000000000000000000
00010000000000000010
00000001000000000000
01100001100010000000
00000000100000000000
00000000100100000000
00101000100010000100
00000000000010000000
00000000100000000000
00000000100100000000
00010000100000000010
10010000111000101101
00001111101111001110
00111001110011110100
10100101101110010011
01100001011111000111
01110111011100110000
10011001001111111101
11111001001110010000
10000000010101111010
10101101001111000100
01111110111110111101
10110100101000000000
11111100011001101010
10000011010101111010
00010001010100101001
00001011010101110010
11001111000111001100
01101111101101001011
11111111010101100000
11110000101110011101
10101100001001000001
11110010001010100111
11110010101101101101
11010000101001101111
10011101001011110101
00100011001111111010
10100101111110101111
10000111100011110001
10000110011010000111
10111110111101100000
00100101100001000000
10100010100011110010
10110000101011000111
11110000001111101101
11110101011000010010
11111110010111100010
11111111010100001110
11011011010010001010
10000000000100001001
01000011111110110011
10101001000100101110
10010100011011000100
00110001110111010001
01100011111010001101
01001111011111001001
11110001010011001011
00100000000010010000
11111010101011011001
01001000000000010000
00000000000000000000
00000000000100000000
00000000000100000001
00000011011011111001
11001111010000011101
01110101110010111001
01010110101100111000
11011110011101100000
10001010010001011101
01000110101110011010
10001110010110000111
01111100101101011011
01111010110010110001
10111111100110111011
11001001010111011000
01001111100011110111
00110011011011101111
11101101011000010110
10001000111000100100
11110110111101100000
11011111100111001110
10110010100111011100
11111010101011011011
10001000101101011001
00010010110000100001
01110111110100110111
11000101100010011000
10100011110010000010
00010001011100101101
11011101101110010010
10001011010111111010
01010011001101001111
10110001001110110111
01000110100110111110
00000101011111111110
00000000010000000001
00000000100000000000
00000000000000000000
00000000000000000000
00000000100000000000
00000000100100000000
00000010100000000000
00000000000000000000
10010001101100100101
00011101001000001010
00100000100010000000
00000000000000000000
00000000100000000000
00000000000000000000
00000000100000000000
00000000100000000000
00000000100000000000
00000000100100000000
00000000000100000000
00000000000000000000
00000000000000000000
00011101011101101010
10111110000110011011
01011001011101111101
01110100000010111110
10000011000111111000
11110111010111100111
10110000110111011010
10000010000110001000
01010100000001000111
10111010000011011101
11001111110101001101
10000101001011010101
11011111001011100000
11000111100010010101
11001011011100011100
11011101010100011110
01000111111010111101
00001011000111011010
10100000000011010001
10110011110000100000
10101110111110110011
11000000001100101110
10101101111100100111
10101011010001011000
11101011100011011001
11100000101111101110
10101000010011011100
10011100101011000011
11010011111110011100
11110101110000011011
10011011110101011010
11101011100111011111
00111100001010011010
00111110101000001010
01111101010001000011
11110111010101000010
10110100111001010100
00111110001100011000
01010001111101101101
00011000010000000110
00110011010110000011
11011111001110111000
11010101000010011111
00000111011011111101
01101110010010110001
01110110100100111100
00111101001001001000
00011101001101111001
10111010101011011001
10111010101011011111
10100010110011011100
01111000110011111100
10001101110000011101
00001101110111001110
00010001111100101111
11101111100100011110
11011101100010001110
00011110101100111000
01110110101100111000
10001001100001111100
10101010101111011101
10000101001110111111
10111000101111010101
00110110101000111000
01110010101110110100
01110100010010111010
10010011010111001010
01100100110100101111
00011010110101110000
00101111111111110011
10101001011110100101
11011111111111100010
00101111001111110010
01000010100100100000
10001011000010001000
10100011000100101010
01101011111111110110
00000000000010000000
00000000000000000000
00000000000000000000
00000000000100000000
00000000100000000000
00000000000000000000
00000000000000000000
00000000100000000000
00000000000000100000
00001010000100100110
00101101011000001000
01110111100101010110
10111100001111011001
10010100001111010100
11000011110011011100
00001000100000000000
00000000010000000001
01110001110001000111
11111100010101101101
10011000101101011101
11011000101001011011
11010111110100011011
