00000000000000000000
01000000000000000000
00000000000000000001
00000000000000000000
00000000000000000000
00000000000000010000
10001110100000010111
00000000000000000000
00000000000000000000
00000000000000000000
00001001010100101000
01101100001011101100
10101000000110101101
11010000100111011100
00110001110001011010
00110001101000010010
00001110111111000111
01101111111111000111
00001111010111000111
00001111011111000111
10000101001101100011
11100011010000001001
01010001101100001100
11001100110010011100
00000001011001010010
00000111010010101111
10110100001000010101
01110001001111011010
01010100000001101000
10110001001011000110
11111111011100010110
11011110100001010101
00111101110100111100
00000100110111011010
01101100101110110010
10011000001111011101
00001111111111000101
01001111111111000111
01110100110111001000
11111111101001101010
11100000001111011111
10111011011110111101
10010100111101101110
10010010111010100011
10110000101000000111
01011001110100011110
11011110011100011010
11100011010011010100
01011011101101100100
00001000000100001000
00000001001100000000
11101111010011010010
11010111000101100101
01000111110111011111
00000111010101100111
01111001001100001010
10100001011001100111
10111001110000001111
10111001001101011111
00010101000101100000
10101010100010100000
01110101000110110101
11010011000000100110
01101100001110111111
11111111110000011101
00010111010101110101
11101111111010001000
01110101110100011110
11110001110000011111
10110001110000001111
01001110010011001111
00000110011010101111
00000001001110110101
00000111101000100111
11101111101000001001
11011101000101100001
10001111101101100000
10100010101010001110
10111111100011000000
10000010100101111010
11010000000111011100
00001001000000100000
00000000000000000000
00001000000000000000
00000000000000000000
00000000000000000000
01000000000000000000
01000000100000010000
00000000000000000000
00001000100000010000
01010011100101110101
01111010011000010001
10111000111010101110
11101100100101010111
11100001100011010101
10001101111101110010
01100110100111100111
00001111010111100111
00001111101010111111
01101111001010111101
01010111011110110101
00000111010010101111
10111110011110010100
10110000101001001111
11010010000111001100
00110011110100011111
00001001011011110111
10110010111100100001
10110010111100100011
10110110111111000000
01011110100011011001
11110110101111100000
10111111111111100000
01001000110100111010
01001001100000000000
00000000000000000000
00000000000000000000
00000000000000000000
00001010000000000100
00000110011011001111
00000110111111000111
01101000100110110111
00111101010011100000
10100110010101100010
10101010101111011010
11010000111110000101
01001011010110101111
01100100100010100100
10100001100001110001
10111110011111010000
10001010000110000100
00000000000000000000
00001000100101010010
01101100110010111100
11111101111111000000
10001100000101101000
00100111110101111101
00111000111010100000
00000000100000010000
10000000101100011100
11100100001100100011
10100000100100110011
10110110000110110010
11011111011000001111
10000101110001111010
10100000110001010101
00011111100111010101
10001010001110011100
00110110110101100100
10100110010101100011
10111001111110001110
10001110111111010110
10010111011110110000
01010000000001000000
00001000000000000000
00000000000000000000
00000001100000000000
11110010101000100111
11010011001110011100
10110110000111100000
00110001111000000010
00000000000000000000
00000000000000000000
00001000000000000000
00000000000000000000
00000000000000000000
00000000000000000000
00000000000000000000
00001000000000000000
00000000000000000000
00000000110000010010
01100101110001000010
00001010100000010001
10110111011010111000
01101011000101100001
01100000000011000101
00000000111011010000
10011111100101000001
11001111010111001011
10110001111000001101
00010100100111000001
01011001100101111100
10110110000011011100
10111000000001010101
10101011101111010111
00000100000101101001
00111100010011101000
11101000000000100111
11001001001010100001
11110001100000000111
11011110110000001111
01110010000000000000
10111011001011010010
00110111111111000000
00101110100000000110
00010101000100100000
11101111001100000001
01100000000000000000
00000000001000000000
10110001101000001011
00011111101111010101
01100100110110010101
11010100010111110011
11101111010001001110
00000111010110101111
01010110101010101111
01111000000101111011
00011010101101111101
10001001110011110001
10110010101111001000
01010111100011101101
00001101001011101111
01010110101011111101
01011101000101101100
10111110101010111010
10000110010100100111
10101001110100011101
11100010011111110010
00001010111101011001
11100110001101111011
00000100001111000000
01101000011000111001
10000110001111000111
00000110100110000111
00110000110001111011
00010111110100111110
00000101100010010010
00000001000001010000
11000011100010111101
00011000000000000100
00111110111111000100
10000000000110100100
00001000100100111100
01111110011011000001
00001001000100100000
01010010101101101100
01011010010000010101
11100110100000110001
00010000011110100011
00001111110000011110
01000100100000011010
11010110101100110010
00100110000010101100
11111110010101110010
00110110001010111111
11010000000001011101
11000001010111011101
00000000000010000001
00000000000000000001
00000000000010000000
00000000000000000000
00000000000000000000
00000000000000000000
00000000000000000000
00000000101000000000
00000000000000000000
00001000000000000000
00000000000000000000
00000000000100000000
00000000000000000000
00000000100000000000
00000000000000000000
00000000000000000000
01000000000000000000
00001000100000010000
00010000101000000100
10111011100000000111
11011111010000011111
10111111011111000000
01001111010111000111
01101001101110101111
01010111110010101111
11111110111100011000
11000110011101100001
11001111010101000111
11100011010110001000
10101011011000000101
11000100111101110010
10000110011101110010
11000011011001110100
00001100010100111010
01010001010000011010
11011101010000001111
11010000000001001111
01011010101100101111
11111001111111010101
10111111000011001000
11110000110000000111
00100110101010110110
10111110011101110000
00010000000000000100
10100011001011000110
10111001001001000111
11010011110000000110
01010111101111100111
10110000000000000111
11110110000010110010
11011000001011111010
11011010010101011010
11101101010111001111
10111001000001000111
01101101001111010111
10010000001101011101
10100110100100110011
11001001000011110101
01010111111010101111
00001101000010001011
01100000001000011010
01100001111000001001
00000000000000000000
00000000000000000000
00000000000000000000
00000000100000010000
01000000000000000000
00000000000000000000
00001011111101100100
11011110100101111001
11110110101001101000
00011100110110011011
11011011000111100000
10100111011001100000
10010110110101101111
01010111100100111101
10110111011000111001
11011111001000001111
00011110010011001101
00001110000001010100
11000000101010100100
11100010111110010100
00000000000000000100
00000000000000000000
00010000000001011000
01000010010110000011
11010000111100000111
11111001010000001111
00001000000000000001
00001000000000000000
00000000000000000000
00000000000000000000
00000000110100000000
00001001101100101000
01000001000100101000
00010101001010101011
00000000000000000000
00000000000000000000
00001000011101001000
01001010100001111111
11101111000000001001
11001001111011010111
01010100011111010001
00111100001011111010
10111011000010110010
10110000001000101111
01100011101100101011
00001000001000011000
01010011100101110001
00011001110110100000
00000000010100001000
11011011110001111100
11011001110011111010
10101000111100110100
00000000111000000000
00000000000000000000
00000000000000000000
00000000000000000000
00000000000000000000
00000000000000000000
00000001000000000000
00000000000000000000
01000000000000000000
00001000000000000000
00000000100000000000
00001010100000010101
11011001010110111101
00110100111010100100
01110111011111010101
11001000101111011100
11101110001100110100
11011101010000011011
10000100010001100111
01101111010001000011
10110011101111011010
10110100111101101000
00100000000000000001
01001000000000000000
00000000100000000000
00000010101100001000
11011110010000011110
10100011011110011110
00111101111111000000
10110111110110111000
10010100000011001001
11110110100101101010
01010000111100001000
00010001111110000011
10110001100000010111
01100110010010111101
10011010100100000100
11010000011111011010
10110100000111000000
00011011100111010101
00000111101010111111
00111101100110000000
00000111100110110101
01001110101010111111
01010110000111110101
10100110011001101011
10110101011101110101
01100101101010100110
10111001110001100111
00110001100011010011
11011011110000001110
11101111101011001111
00111101110111011000
00011111111110001111
00001111111111000111
01011111010010110110
10110100001011011011
11011110001001111010
01011111010110101011
01111100111010000001
11001010111000000000
11010101110000011111
11111000001000000111
11011111110000001100
11011111110000001111
10111001010000001111
01100010001101101111
01100100000100100111
01010001111101111000
00011111001010111111
11101101111001100001
00110000010110111011
10101100110010111100
00010111010101110101
00001000000000000000
00000000000000000000
00000000000000000000
00000000000000000000
01000000000000000000
00001000100000000000
00000000000000000000
00000000000000000000
00000000000000000000
00000000000000000000
00001000100000000001
00000000000000000000
00000000000000000000
00000000100000000000
10010111101111100011
11010000000100000001
00010100110010111011
01001111010011000110
11010100110101100010
00001111111111100111
01001111010111000111
00000111011111000111
00001111011111001111
01000110010110000111
11010110101111001000
00001010100000000000
11111100110100010101
10110011011011110000
10110110010111100000
10110000110100100111
10000110101000100001
00000000000000000000
00000000000010000000
00000000000000001000
00000000000000000000
00010101001111000001
00001100111111010010
00001000111000100000
00001000110101111010
01100011111001000001
00001110110010011101
00110101111111000000
10111101101000001101
01010010100011011101
01000111010101101110
00000000000000100000
00000000000000010000
00000000000000000000
00000000100000000000
00001000000000000000
00000000000000000000
00000000000000000000
00000000000000000000
00000000000000000000
00000000000000000000
01000000000000000000
01000000111000000000
00000000000000000000
00000000000000000000
00000000000000000000
00000000001000000000
00000000000000000000
00000000000000000000
00000010100000000000
10001001000010100000
11000110101101101110
00000101000010101100
00001000000000000000
00000000000000000000
00000000000000000000
00000000000000000000
00000000000000000000
01000000000000000000
01000000000000000000
01001010000101101110
01011011001110111101
01100110001011101111
00000000111000000100
00100010100000000001
00001110100000010100
00001110000110010101
01111100101011111001
10100000000110000111
10100000101111011101
00001011010101101111
00010101011010111001
00000111100110110101
11001110011100001110
11101111001101110011
01011110000111001100
10010011001010111101
01110011001100011011
00001001110100111010
00001110000000000000
10111110101111001000
10001100000100010101
10100110101110010110
00000010000000000000
01000000000000000000
00000000000000000000
00000000000000000000
00000001000100000000
00001000000000000000
00000000000000000000
00000000000000000000
00000000000000000000
00000000000000000000
00000000000000000000
00001000111101001000
01100001010101011010
11010111111100011100
11110001110000001111
11101101101101000111
00001010100110010100
00000111110101110110
01001010010000011010
10111001000101001011
01111000001101111100
00001101010001100010
11100111111001110101
11101100001111111010
11010100001110011011
00000000100000000000
11010010011000000000
00110111010101111101
00000000001000000000
00000000000000000000
00000000000000000000
00001000000000000000
01100000001000000000
00000000000000000000
00001000000000000000
00000000000000000000
00000000000000000000
00000000000000000000
10000101111001100000
01001101110111010011
00000110000111000111
01011110011111010101
00010001101101010000
01011011010000000110
10000000000110100101
11110001101011100111
01111000001001111110
00001110100100010001
11111111111010101000
10100010011001100111
11011011101101110101
11100110010011101010
01011110000011011101
10110001110001010111
00001110100000000110
00000000000000000000
00000000000000000000
00000000000000000000
00000000000000000000
00001000000010100000
00001001000000000000
00000000100000000000
00000000000000000000
00000000000000000000
01000000000000000000
00000010000000000000
00001001000000100000
01000000000000000000
00000000000000000000
00000000000000000000
00000000000000000000
00000000000000000000
00000000100000000000
00000000000000000000
00000000001000000001
00000000001000000000
00000000000000000000
00000000000000000000
00000000000000000000
01001000010000001000
00000000000000000000
00001010000000000000
00110101010101110100
10111011110010110010
11111010101100101111
00000000000000000000
00000000000000000000
00000000000000000000
00000000001000000000
00000000001000000000
00000000000000000000
01000000000000000000
00000000000000000000
01000000000000000000
00000000000000000000
00000000000000000000
00000000100000000000
00000000000000000000
00000000000000000000
00000000000000000000
01000000000000000000
00000000000000000000
00000000000000000000
00000000100000000000
10111101010000011101
00101011011010001001
00010110011000001111
11011111100001100000
10110110001010111010
11111001011110001111
10111100011111100000
01001101111111000111
00000110010011101111
00001111111111000111
00001111011111000111
10000100110001100111
01010100010000011110
01110000111010000000
01011000100001111010
10110010011001100011
11110110111111000010
10100110101011101010
10110110101111000000
01101111101111001011
01101000010101111111
10101010011010110000
11101011011000001111
01010010011110011101
01010000010110001010
11010101110000011010
01100110111010111110
11011110101111001100
01011011101111111101
01100001111111010110
00001100000100010101
10111110000011011001
00010110110110101111
00000000000000001000
00000000000000000000
00000000000000000000
01000000000000000000
01000000000000000000
01100000000000000000
01000000110000000000
00000000000000000000
00000000000000000000
00000000000000000000
00000000111000000000
01000000000000000000
01100100001111101100
11010100000011110101
10110110101111001000
11010000000111001000
00111001101101001110
10110001101100001111
10110111101000011110
00000000000000000000
00000000000000000000
00000000000000000000
00000000000000000000
01000000101000000000
00001000000000000000
00000000000000000000
00001000000000000000
00000000000000000000
00000000000000000000
00000000000000000000
00001000000000000000
00000000000000000000
00000000000000000000
00000000000000000000
00001010000000000000
00001000000000000000
00001000000000000000
00000000100000000000
00000000000000000000
00000000000000000000
00000000000000000000
00000000000000000000
00000000000000000000
00000000000000000000
00000000000000000000
00000000000000000000
00000000000000000000
00000000100000000000
00000000000000000000
01000000000000000000
00000000100000000000
00000000000000000000
00000000010000001000
00000000000000000000
00000000000000000000
00000000000000000000
00000000000000000000
00000000000001001000
00000000000000000000
10011001101100001101
11011011001011110010
01100100001011111011
01100101100110010110
01110100001010101110
11011000100110100011
10111000111000000111
00000000111100111010
00011001001101111010
10001101000000111011
01101100110110011110
11101000001101101011
00000101001110111111
01101111010111001111
00110100111001101100
00000110110010111101
01100111011111000111
00111000001111011101
11100001010110110101
01001111011110111101
10000101100100111000
01100101001010111100
00000110011111000111
00000111011011101111
01101110100011111100
10000100101001001111
00110101110000011010
10001000010111100110
00000111011010110101
00000111110010101111
01101100001111100111
00000001001101111010
01110001001111011011
00010011001001111110
00001101101100010010
00001011011110111101
11111011001001001011
01111010001111111011
00001110101010100111
01010110001111010011
00110110010011101101
00110011001111010011
00110101001110010010
00101111000111001110
01101111011111000111
11101111010001000001
00110010101001101111
00001111010111000111
00001111101110000111
00000010100010000100
00000000000000000100
00011010100011010101
10100110011110100000
01111110001111011101
11110011010010001110
01111010110010101110
01100011010011010010
10101111100111011010
11000010101111001110
01000111100110111111
01011110001111010101
00000010000011000101
00111011111110001111
11011011001011100110
01001001000000100100
00001000111111001010
00000111100110010101
01110110100110111100
11000101101010100001
11000111010101101011
10101101111001100000
00110001011011010011
01001101011101010010
11101010110001110011
01111001100100000000
00000000000000000000
00000000000000000000
01010000100000000000
00000010100000000000
00001110100000010101
01000000000000000000
00000000000000000000
00000000000000000000
00000000000000000000
00000000000000000000
00000000000000000000
00001010000000000000
00000000000000000000
00000000000000000000
00000000000000000000
00010000000000000000
01010000010000001010
00000000000000000000
00000000000000000000
00000000000000000000
00000000000000001000
10110010110110101100
10101010110101111010
11010010111111010001
00111000110101111101
00100000000000000001
00010001101100001010
00000001100100100000
10001000111011100000
01100101111111010010
11100000111000011101
00010110110010111011
00011100100111110101
10111000000101111111
10111010100000010101
01111111101011000001
00001011100001010010
01101011000000101000
01010101101111010011
11110001010000011111
10111000001110010110
11110000111010100111
01100110001001101010
10000010011111101000
00001100111100010010
00010000111100001000
11100001110000011101
01111100100000010100
01000001011001000010
00000000000000010000
00000000000000000000
00000000000000000000
00000000000000000000
00000000000000000000
00000000000000000000
00000000100000010001
01000000000000000000
01000000000000000000
00000000000000000000
00000000000000000000
00000000000000000000
00000000001000000000
00000000100000000000
10001001111011110100
11010011101000001110
01100001110000010011
01111000000010101010
11001101101100011111
01101101011111000000
10101000001101111011
01001000100100010010
10111101010111000000
11110011101010101011
10011010101111011100
11111010000010110010
10011000001011011001
10001111111001100011
00001110111111010111
00000001001100010100
11110011110011010010
10101010101001011101
01101010100000010001
00000000000000000000
00000000000000000000
00000000000000000000
00000000000000000000
00001000000000010000
00000000000000000000
00001000000000000000
00000000000000000000
00000000000000000000
01000000000000000000
00000000000000000000
00000000101000000000
00000000000000000000
00000000001000000000
00000000000000000000
00000000000000000000
00001000000000000000
00000000000000000000
00000000100000000000
01000000111000000000
00000000000001000000
00000000000000000000
00001010000001011000
01000011100010110101
01010001101101101000
00011000010100101100
00000001000100001000
11010011000000100000
10101101010001100100
00110101000111000010
11011000100011011100
11011010101010001000
00000000100000000000
00001000100000000000
00000010101000000000
00000000000000000000
00000001000000000000
01000000000000000000
00000010001010010101
00011110100111011101
00001111000011000111
00000100111111000110
01100010100110000011
11011000111110000000
10110011000011110000
01111000011010100111
10110110010011101000
00100000000000000000
00000000000000000000
00000000000000000000
00000000000000000000
10001011000010100100
00011000110000010010
10110011101101001111
01100110001100111010
11110001010000010111
00001010111111010100
00110001110101111010
01111110011111010101
10110010111010100011
11000011011011110000
01111100111110110101
00011111011101100100
01001001110100011011
11011101110000001100
10111001101110001111
11001001000011110101
11111001000110010110
00000110011101101010
10100101010101100000
11000111110101100010
10110100010011011101
01110101001101001100
00001000000000000000
10100111101100100011
10110110101001100011
01010101111011000011
01011010101010100001
11001110100101111010
01101110010110010101
00011110100110010101
10100110011101100011
10100110010101100010
10100110010101101011
01100010001101111011
10110100111100011100
01101101001000011010
01101010010001010001
00000000000000000000
01000000000000000000
10011010011110010000
11011000111111011100
01101000100110110101
01100000010001000001
01000000000000000000
00000000000000000000
01000010101100000111
01010001111100010010
01010000000000010000
00000010100000000100
01000000011000000000
01010000110000000110
10000011000011011000
00011110011100010101
01000110100010111001
01101001011011110100
00000100110111000111
00111101110110101111
10000100010101101010
10000100101101110011
00001010000100101111
11000101000101000111
10001001000100100001
10100110010100100011
11001001001010110101
