00000000000000000000
10000000000000000000
10100000000000000000
00000000000000000000
00000000000000000000
00000000000000000000
00000000000000000000
00000000000000000000
00100000000000000000
10110000110000000000
00000000000000000000
00000000000000000000
01000011010000001110
00001111100000010110
11011101110000010111
10011111100000001101
01101110100000010110
11101100001011101001
00000011000101110011
00000000000000000000
00000000000000000000
10100000000000000000
01101000000000000000
10110000000011111110
10110010101110001111
11001000001011100011
10100011001101110110
11101110011101000111
11101101100111000000
11011110010001101001
01011000110101001000
00111011101000110110
11101111000011000111
11101011101110001101
11011010111100001011
10101110101001011100
11011110000011111001
10110110011101011111
11100101110011110110
01101111010110001110
11101110001101111110
01101001110110000111
11011011001000011110
01101000111001110101
00000110100000001100
01101001001101000000
00000000000000001000
00000000000000000000
00000110010000001010
01100000000000000000
10101000001101001000
01101010110011111110
01010110011010111011
11011010100010001011
00000111001101000110
00000101111101010110
01010111001101010110
01101111100100111011
01011101110110101011
11100110011110111110
10111110000011111010
00001110110011011110
10000000000110010010
11011111101010111001
11011110010110110110
01100110111010011100
00000100111010101110
00000110011011101101
11011010111101001011
11001001110000010111
00000000000000010000
00000000000000000000
00000000000000000000
00000000000000000000
00000000000000000000
01000000000000000000
00000000000000000000
00000000000000000000
00000100000000001000
00000110100000001000
10000000000000000000
00000000000000001001
01110000000000000000
00000000000000000000
00000000000000000000
00000000000000000000
00000000000000000000
00000000000000000000
11010000000000000000
00000000000000000000
00000000000000000000
00000000000000000000
00000000000000000000
00000000000000000000
00000000000000000000
00000000000000000000
00000000000000000000
00000000000000000000
00000000000000000000
00100000100000000000
10000000000000000000
00000000000000000000
00000000000000000000
00000000000000000000
00000000000000000000
10110000000010000011
11001000001110101011
01110000111011111100
10000000000110110001
00000011110011110101
00000011010110010101
10110101111101010110
01110101111000100000
10110000000000000000
01010110100000000000
00000000000000000000
11110000000000000000
00000000000000000000
00000000000000001000
00000000000000000000
00000100011010110110
10000110111010110110
11100011110111010111
00000111011011100100
10000111100111110001
10100101111001101111
11011101100111100101
10111101101010111100
01101111010011010110
11011100111010110000
01101110101101111011
10000101111101010101
00000101111011100110
00011100110101101000
10100101011101010101
00011010111011010010
01001011001010110011
11100110010000011110
01110011000000001100
00000111101000111011
11000101011011010001
10001000110110001010
00000000001101010100
00001101110010011010
00000110011001001101
00111111001110100000
11000110011010100000
00110111110011100000
10000010111000010101
00001111010101101011
11110011000000010110
10011000000011010000
00101000000001111110
00000001001101110010
11100000000111011011
00000001110010000000
00000010100000000000
01011001011110110110
01101000111101101101
11001110011011101100
10011000111101110101
11100100100000010110
11101000001110100111
00000000000000000000
00000000000000000000
00000000110001010001
00000011000001101010
00000000000000000000
00000000000000000000
00000000000000000000
10000000000000000000
10100000000000000000
00000000000000000000
00000000000000000000
00000000000000000000
00000000000000000000
10001000000000000000
00000000000000000000
00000000000000000000
00000000000000000000
00000000000000000000
00000000000000000000
00000000000000000000
00000000000000000000
00000000000000000000
00000000000000000000
00000000000000000000
00000000000000000000
11000110111101010001
10110011101010101000
00000101100000001000
00000100100000000000
10000111011101011011
10000011111101001011
11101010110000011110
11001111110000011011
10001011000000011110
01011100101101100000
11001001001000000000
01010101111110000000
11010101011101011011
00011001111101110110
00101000000111101011
10011110101111000111
00000000000011001010
00000000000000000000
00000000000000001000
00000000000000010000
00000000000000000000
10000000000000000100
00000000000000000000
00000000000000000000
00000000000000000000
00000000000000000000
11100000000000000000
00000000000000000000
00110000000000010001
01110000010000000000
00000010111010110000
11010000001110011011
10111110011011011011
11001001110000010101
00111110110000001000
11001010110000010110
11101110110000010110
01101111001101100010
01011101110100100111
10000101111101010110
00011000111011101011
00101001110011110101
01110001011010100000
00011000001101011101
10101000000100101000
11011111001011111001
00000000100111011011
00000001110000011001
10111101101110111110
01000101110000011011
10011101110000011011
01110001010000001011
10110010010000011101
00000000000000000000
00000000000000000000
00000000000000000000
00000000000000000000
00000000000000000000
00000000000000010000
00000000000000000000
01000000000000000000
00000000000000000000
00000000000000000000
11110000010000000000
00100110100000010011
00101010111101011101
10011101110000010000
00111111000110101001
11110101110000001011
00011011011110110010
00111101111010101010
10000101101101110110
00011011100111111101
00000000000100100000
00000000000000000000
00000000000000000000
00000000000000000000
00000000000000000000
00000000000000000000
10000000000000000000
10000000000000000000
00000000000000001000
10100000000000000000
00000000000000000000
00000000000000000000
00000000000000000000
01101011000110011101
00000010100000100000
01101010111101011101
11001110011001111010
00010000000111110100
01000110110100110101
11101011001011011001
00000110100010011001
11101000001010110011
00000110100000000000
00000000000000000000
00000000000000000000
00000000000000000000
00000000000000000000
00000000000000000000
00000000000000000000
10110000110000000000
00010000100000000000
01010000000111111110
01010000010111101010
11001001010000011110
10100011010001101010
11100010111101010011
10100000001011000111
00000011010000000111
00101000111110000111
10011111010100110011
00111111000000011011
11011101110000011010
11010000001011110111
11011000001010110000
00000011000000010110
00000110010000001100
00000000000000001000
00000000000000010000
00000110101100000000
10101101100000011010
00111100100000001011
10000001010011001010
01010101111011001101
11001011101101000001
11110010110000000101
10001110110110010001
11011000110000000100
11110101101011011000
01011110011101100000
00111011001011110100
11011101000000011011
11011101111011110000
11010101110000001111
11011010111000000000
00010011110000101011
00010011001101010010
11011011011101001011
00000011100001010110
10101000111101000011
01101000001100110101
00111000001101010001
00011000001101011100
11101001000110001110
01101111010110101000
11011001110100111011
00101111001101000000
00000111011011101010
10110110011000010101
10001001001001100111
00000010000000000000
00100000000000000000
11100001010000001101
10100100110000010001
00100000000000010000
00000000000000000000
00000000000000000000
00000000000000000000
00000000000000000000
11011000000110001111
00011101110000001101
11011101000000011110
11011101110000001111
01101101110000011011
11001111101000011011
01111111010101100111
10011011011001110110
11000101101111000000
00000000000000000000
10000010100000000000
10010000000000010001
00000000000000000000
00000000000000000000
00000000000000000000
00000000000000000000
00000000000000010000
01010000000000000000
00000000000000000000
00000000000000000000
00000000000000000000
00000000000000000000
00000000000000000000
00000000000000000000
00000000000000000000
00000000000000000000
10000000000000000000
10111110010000010010
00110100001101110101
10111000000101110000
10001001110000011001
01001110010111111010
00000010111101010110
10111011001001110110
11011110011001011011
00111011000111000101
10011011001101011110
11110101011101010000
10110001011101011010
11010110011101111011
01101101111110010000
11100011111100111100
01010000001100101101
10000000001110001011
11001000001110000011
11001111110000011011
01110000000000010010
00000000000000010000
10000000010000000000
00110000100000010000
10101010111000010101
11001101010000011111
11011001110000010010
11001011100000010110
01111101110000011100
11001001111101011101
01011110010011111110
10011100001101001101
11110101111101000010
00111111010011100000
11011000000011110110
10110000000100100000
00011111010110110010
01110101011010000110
01000110101111111011
10000111001111100000
00000100111010111110
00000111110110010000
01011111011011011011
11011000000010000111
01001001001100101111
11011111010000011011
10001001010000000111
01101011001000000000
00111110101011101100
01101011111011010010
11001000001101101000
10011001011001000000
10100000000000000000
01110000000000000000
10100011000011101011
01100110110011111010
00000010011000100101
00000000110011101110
00001110101110011011
10110111001011110110
10100111000011111001
10000000010000010000
11100011110000000111
11001001110000000111
01100000000000001000
01101101111010111000
00000100001110001011
00000000000000000000
00000000000000000000
00000000000000000000
10110110110000000000
00010000000000000000
01110000000000000000
11110000000000000000
00000000000000000000
00000000000001000000
10010000001101011101
01110000000000010101
00101000000000010000
10000000000000001000
00000000000000000000
00000000000000000000
01110000000000000000
11100000000000000000
00000110100000001000
11110000011010110110
00000000000001000111
00000000000101001011
00011000001111001111
01101000000101101101
00000000000100010000
00000000000000000000
00000000000000010000
00000000000000000000
00000000000000000000
00011111000101100111
11101101110000011110
10001101110000011011
01011101110000001011
00000000100000000000
00000000000000000000
00000000000000000000
00000000000000000000
00000000000000000000
00000000000000000000
00000000000000000000
00000000000000000000
00000000000000000000
00000000000000000000
00000000000000000000
00000000000000000000
00000000000000000000
00000000000000000000
10110000011100011011
11110101111101001011
10110001111101111000
01001110010101101100
10110011010011110101
00000101111101110101
10101011000011100000
10011001111011110010
11110011110011110110
11101001111100101111
11001111010111111101
01101110010111101000
11011111000000011110
11100110010000000100
11100000000000000000
00000000000000000000
00010000000000000000
10000000000000000000
11011000000111110110
01011111011010101011
00110101100111010011
01110000010111111010
11110011010110011001
01101110010011111010
11001001101111000000
11011000101011111011
10110000000000010001
11110101001101010000
01000010010110010100
01100010010110100000
00000000001111001011
01110011000111011101
10011010101101001100
11100001010011010010
10101000000011100000
00000000000000000000
01110010110000001000
11110000000000100101
10110100010000000000
00000000000000000000
10000000000000000000
11011110110001110001
11110000110011000111
10100110011101011110
11000101111110001000
11011101001010111110
01110001100111100111
11010011110001101111
01110110111101111001
10110010110000000111
01110011000110010001
00010100100011101100
01110011011101011011
01100010010000000111
01101101110110101101
11011111010001011011
11011001010000001011
01101101100000001000
10110100100000011001
11100000100000000000
11110000100000000100
01010110011100110111
00001111010111100000
00111110010011111011
01010000000000000100
01101000111010100011
11011010111000100111
00011101110111010000
01101000000000010010
01000000000111101011
00010001110111001011
00000001111011100010
11011101000000011001
00111000011000010001
10110010110000001011
11011001011110011010
00010001111011101110
10001101100000010011
11101101110000010101
00111010000000010110
01101011110011110100
00000000000000000000
00000000000000000000
00000000000000000000
00000000000000000000
00000000000000000000
00000000000000000000
00000000010000000000
00110100101110100111
01101100101101010001
01010000110000010000
11001001011101000000
00000101111110111110
00000110010110000001
01101011000000010110
10000101111001010010
11111001001101000000
11000000001011100111
10000000110000000101
10111010101101011110
10111101010101110111
01010000001010110101
01011000000000010110
00000000110100111101
01110101100011001111
00010110111011111010
01101100100001101101
11100000001110110110
11011110100110000101
10100001110001000101
00000111010011100000
00000111011011101000
11011010111100011011
00011011111111001100
00000100100000000000
00000000000000000000
00000000000000000000
00000000000000000000
00000000000000000000
00000000000000000000
00000000000000100000
01000000000000000000
00111101000000011010
11110011011101001011
00000001100101010110
01010110111101110001
10011000010110011011
11011101110000011011
11100110011001101111
11001110100111001010
11011101111111000000
10100010110100011011
00000010111011111111
00000110011101011101
11010100001110100111
01101001110110010000
01001111010000000111
10001011011010100000
10101010111101010110
01111110100001001100
00001010011101001101
01011010011011110001
00000000000000000000
00000000000000000000
00010000000000000000
00000000000000000000
10100000000000010000
10110010100000001100
00000000000000001001
00000000000000000000
00000000001000000000
00000000110000000000
00000000000000000000
00000000000000000000
00000000000000000000
10000000000000000000
00000000000000000000
00000100000000000000
00000000000000000000
10100000000000000000
11110000110000000000
00000000000000000000
10000000000000000000
00000000000000000000
00000000000000000000
00000000000000000000
00000000000000000000
00000010100000000000
10110000000000000010
10100000000000000000
10110000001101111100
00000011100001100011
11110011100011101011
00100010100011110000
01010000001011111011
00000000000001001010
10110111101110110100
00001010110011110000
01100101101011101010
10111000001111001011
11001000001001111100
01101011101000111110
10001000000000000000
00100111100000011011
00000000000000000000
00000000000000000000
00000000000000000001
10110000000000000000
10100000000000010000
00000000000000000000
00000000000000000000
00000000000000000000
10000000000000000000
00000000000000000000
00000000000000000000
00000000000000000000
00100000000000000000
00000000000000000000
10000000000000000000
00000000000000000000
01010000010000010000
11011011010000010011
10110101000000001100
10110100110100100000
11011100011101011001
01011000000100111100
10101000000011011001
00110111101101000111
11011010111101001111
00000110001001001101
00000110100110010110
00000000001010000011
00000000000000000000
00000000100000000000
01110010100000000000
00000000000000000000
00000000000000000000
00000000000000000000
00000000000000000000
00000000000000001000
00000000000000000000
00000000000000000000
00000000000000000000
00000000000000000000
00000000000000000000
00000000000000000000
00000000000000000000
00000000000000000000
00000000000000000000
00000000000000000000
00000000000000000000
00000000000000000000
00000000000000000000
00000000000000000000
00000000000000000000
00000000000000000000
00000000000000000000
00000000100000000000
01101000011010100111
11011000001011010101
00111110110111000110
00000000011011101110
10010011100110011100
11011001111000100000
11100110011110000111
01110001100001000111
01001000001101000000
00111110110111000000
01101101010111000100
01101101011110001000
01101111010111001100
00010000010010000010
11011000000110110110
11011110011000110111
01101001100100111011
10000110110000000101
00111101110110001000
11011111001010010001
10000010101111011010
11011001111100111100
01101111000000010010
01101110011011101101
11001000011010100011
00010110100000011001
00110000000000000000
00000000000000000000
00000000000000000000
00000010100000000000
01001100000000000000
00000000000000000000
00000000000000000000
00000000000000000000
10000000000000001000
00000000000000000000
00000100001000010000
00000000000000000000
00000000000000000000
00000000000000000000
00000000000000000000
00000000000000000000
00000000000000000000
00000000000000000000
00000000000000000000
00000000000000000000
00000000000000000000
00000000000000000000
00000000000000001000
00000000000000000000
10000000000000000000
00010000000000000000
00000000000000000000
01101101101101000000
11011001111101000000
11101110000101100000
01110011100001100111
11010010111010100000
00000001110111110110
11001000011101001000
11011010111101011001
11011101101101000000
10111010101101101111
10111001111100101111
01011011110111100000
00110000000000000000
00000000000000000000
00000000000000000000
00000000000000000000
00000110000000000010
00010101011010001000
00000111011011100000
00000011110011100000
01100110010011100111
11010000001010111110
11010100100111110110
11101010111101101101
01100110010111100101
00110011001101010110
11010011100011000111
11001001111000010110
00110101101101110110
00110101001101010110
10110100110000011000
11101110010000000111
11110001111101001010
00000000001011010110
10000010010000000000
11110010110000000000
10000000000000000000
00000000001101000000
01101000001111001011
10101000001011000011
00000101111110110000
11011000000111110111
01110010100100100000
11101101010001000111
10110011011101000111
10110111110011101110
00000000110011100111
11110000010000010000
00000000000000000000
11010000000000100100
00000000000000000000
00000000000000000000
00000000000000000000
00000000000000000000
01101000000000010000
01101001110000011110
10111001001010011110
01010000000000010000
00000000000000010000
00000000000000000000
00000000000000000000
00000010100000011100
10111010110011100000
10101100111101000101
01001010110111111001
01011011110100001011
11011111010000010110
00000010100000000000
00000000000000000000
00000000000000000000
00000000000000000000
00000000000000000000
00000000000000000000
00000000000000000000
00000000000000000000
00000000000000000000
00000000000000000000
10000000000000000000
00000000000000001000
00000000000000000000
00000000000000000000
00000110100000001000
00000110010000001100
00000000000000001000
00000000000000001000
00000000000000000000
00000000000000000000
00000000000000000000
01100000000000000000
01010000110000000000
10011000000001111100
01011111011011110000
11100011101111000000
01101110011011110001
00000011010110111101
10000100111110100110
00000000000000000001
00000000000000000000
11011111000000011110
01011011010000010011
10111000001011110111
00001100110001100000
10100101111101011011
01101100000101110000
01010000010011100111
10011011001010100000
01100000001011100111
01101100100000010101
01011010111100101011
01101111101101000010
01000011110000010101
01101000001100110001
11001011001011100000
01101110100101111101
01101101101101010000
10011010100001000000
00000001001101101011
00000000000000000000
10110000000000010000
00110000000000010000
10000000000000000000
00000000000000000000
00000000000000000000
00000000000000000000
00000000000000000000
00000100100000000000
11000000010000101100
00000000100000010000
11000000000000000000
00000000000000000000
00000000000000000000
10000000000000000000
10110000000000000000
00000000000000000000
00000000000000000000
00000000000000010000
00000000000000000000
00000000000000000000
00000000000000000000
11110000000010101100
10101011001100111011
10110001110011110001
10000101101011100111
00000011100110011001
01100001100001100000
00001001111011100110
00111101110000011011
00111100000000000000
10011101110000011001
00111111100000001110
01111000000000011110
01100000000000001001
00010000000000011000
00000111100000001100
00000000000011000111
00000101011010100101
01111010100000010110
11111011000000011110
00111101100000001010
00100010110100011110
00100101011011110100
01100001111111010110
10100011110000010111
00111000001000110110
01010011100111000000
01101101100010001011
11011000101110110011
11101101111011110110
00000101111010001100
10000101111101011110
11011101100010001000
11011001100111010001
00110010111101001111
00000110111100110011
11100110011000010001
11000111011101011011
00000111100011100111
10000000000000000000
00011000000000010010
10001010110000010111
11100110010000011101
10101010101001101000
10111000001101001000
01101100000101100000
01101101100101000000
10000000110000001111
10100101101101000101
10000000010000000101
01111111000000001011
11001011110000001100
11101000000111101111
00000110101110111101
11101111101011111001
11010000101000100101
00101011000100101011
01101011101001011110
11010100101010101011
00110100001100110110
00000111101011101101
00101011111110010101
11101000001101001100
10100000000000000000
00000000000000010000
01101000001101101000
10110000010000000000
00000000000000000000
00001100000000000000
11010000110000000000
10110000010000000000
11010000000000000000
01111011001000010110
11100101010101100101
00000110011101001111
00000011110101100111
11010101111011111110
11100000010101101100
00000000000000000000
00000000000000000000
00000000000000000000
10000000000000000000
00000000000000000000
